chr1_1	chr1_2	chr1_3	chr1_4	chr1_5	chr1_6	chr1_7	chr1_8	chr1_9	chr1_10	chr1_11	chr1_12	chr1_13	chr1_14	chr1_15	chr1_16	chr1_17	chr1_18	chr1_19	chr1_20	chr1_21	chr1_22	chr1_23	chr1_24	chr1_25	chr1_26	chr1_27	chr1_28	chr1_29	chr1_30	chr1_31	chr1_32	chr1_33
Cell_0000	2	2	2	2	2	2	2	2	2	2	2	2	2	2	2	2	2	2	2	2	2	2	2	2	2	2	2	2	2	2	2	2	2
Cell_0001	2	2	2	2	2	2	2	2	2	2	2	2	2	2	2	2	2	2	2	2	2	2	2	2	2	2	2	2	2	2	2	2	2
Cell_0002	2	2	2	2	2	2	2	2	2	2	2	2	2	2	2	2	2	2	2	2	2	2	2	2	2	2	2	2	2	2	2	2	2
Cell_0003	2	2	2	2	2	2	2	2	2	2	2	2	2	2	2	2	2	2	2	2	2	2	2	2	2	2	2	2	2	2	2	2	2
Cell_0004	2	2	2	2	2	2	2	2	2	2	2	2	2	2	2	2	2	2	2	2	2	2	2	2	2	2	2	2	2	2	2	2	2
Cell_0005	2	2	2	2	2	2	2	2	2	2	2	2	2	2	2	2	2	2	2	2	2	2	2	2	2	2	2	2	2	2	2	2	2
Cell_0006	2	2	2	2	2	2	2	2	2	2	2	2	2	2	2	2	2	2	2	2	2	2	2	2	2	2	2	2	2	2	2	2	2
Cell_0007	2	2	2	2	2	2	2	2	2	2	2	2	2	2	2	2	2	2	2	2	2	2	2	2	2	2	2	2	2	2	2	2	2
Cell_0008	2	2	2	2	2	2	2	2	2	2	2	2	2	2	2	2	2	2	2	2	2	2	2	2	2	2	2	2	2	2	2	2	2
Cell_0009	2	2	2	2	2	2	2	2	2	2	2	2	2	2	2	2	2	2	2	2	2	2	2	2	2	2	2	2	2	2	2	2	2
Cell_0010	2	2	2	2	2	2	2	2	2	2	2	2	2	2	2	2	2	2	2	2	2	2	2	2	2	2	2	2	2	2	2	2	2
Cell_0011	2	2	2	2	2	2	2	2	2	2	2	2	2	2	2	2	2	2	2	2	2	2	2	2	2	2	2	2	2	2	2	2	2
Cell_0012	2	2	2	2	2	2	2	2	2	2	2	2	2	2	2	2	2	2	2	2	2	2	2	2	2	2	2	2	2	2	2	2	2
Cell_0013	2	2	2	2	2	2	2	2	2	2	2	2	2	2	2	2	2	2	2	2	2	2	2	2	2	2	2	2	2	2	2	2	2
Cell_0014	2	2	2	2	2	2	2	2	2	2	2	2	2	2	2	2	2	2	2	2	2	2	2	2	2	2	2	2	2	2	2	2	2
Cell_0015	2	2	2	2	2	2	2	2	2	2	2	2	2	2	2	2	2	2	2	2	2	2	2	2	2	2	2	2	2	2	2	2	2
Cell_0016	2	2	2	2	2	2	2	2	2	2	2	2	2	2	2	2	2	2	2	2	2	2	2	2	2	2	2	2	2	2	2	2	2
Cell_0017	2	2	2	2	2	2	2	2	2	2	2	2	2	2	2	2	2	2	2	2	2	2	2	2	2	2	2	2	2	2	2	2	2
Cell_0018	2	2	2	2	2	2	2	2	2	2	2	2	2	2	2	2	2	2	2	2	2	2	2	2	2	2	2	2	2	2	2	2	2
Cell_0019	2	2	2	2	2	2	2	2	2	2	2	2	2	2	2	2	2	2	2	2	2	2	2	2	2	2	2	2	2	2	2	2	2
Cell_0020	2	2	2	2	2	2	2	2	2	2	2	2	2	2	2	2	2	2	2	2	2	2	2	2	2	2	2	2	2	2	2	2	2
Cell_0021	2	2	2	2	2	2	2	2	2	2	2	2	2	2	2	2	2	2	2	2	2	2	2	2	2	2	2	2	2	2	2	2	2
Cell_0022	2	2	2	2	2	2	2	2	2	2	2	2	2	2	2	2	2	2	2	2	2	2	2	2	2	2	2	2	2	2	2	2	2
Cell_0023	2	2	2	2	2	2	2	2	2	2	2	2	2	2	2	2	2	2	2	2	2	2	2	2	2	2	2	2	2	2	2	2	2
Cell_0024	2	2	2	2	2	2	2	2	2	2	2	2	2	2	2	2	2	2	2	2	2	2	2	2	2	2	2	2	2	2	2	2	2
Cell_0025	2	2	2	2	2	2	2	2	2	2	2	2	2	2	2	2	2	2	2	2	2	2	2	2	2	2	2	2	2	2	2	2	2
Cell_0026	2	2	2	2	2	2	2	2	2	2	2	2	2	2	2	2	2	2	2	2	2	2	2	2	2	2	2	2	2	2	2	2	2
Cell_0027	2	2	2	2	2	2	2	2	2	2	2	2	2	2	2	2	2	2	2	2	2	2	2	2	2	2	2	2	2	2	2	2	2
Cell_0028	2	2	2	2	2	2	2	2	2	2	2	2	2	2	2	2	2	2	2	2	2	2	2	2	2	2	2	2	2	2	2	2	2
Cell_0029	2	2	2	2	2	2	2	2	2	2	2	2	2	2	2	2	2	2	2	2	2	2	2	2	2	2	2	2	2	2	2	2	2
Cell_0030	2	2	2	2	2	2	2	2	2	2	2	2	2	2	2	2	2	2	2	2	2	2	2	2	2	2	2	2	2	2	2	2	2
Cell_0031	2	2	2	2	2	2	2	2	2	2	2	2	2	2	2	2	2	2	2	2	2	2	2	2	2	2	2	2	2	2	2	2	2
Cell_0032	2	2	2	2	2	2	2	2	2	2	2	2	2	2	2	2	2	2	2	2	2	2	2	2	2	2	2	2	2	2	2	2	2
Cell_0033	2	2	2	2	2	2	2	2	2	2	2	2	2	2	2	2	2	2	2	2	2	2	2	2	2	2	2	2	2	2	2	2	2
Cell_0034	2	2	2	2	2	2	2	2	2	2	2	2	2	2	2	2	2	2	2	2	2	2	2	2	2	2	2	2	2	2	2	2	2
Cell_0035	2	2	2	2	2	2	2	2	2	2	2	2	2	2	2	2	2	2	2	2	2	2	2	2	2	2	2	2	2	2	2	2	2
Cell_0036	2	2	2	2	2	2	2	2	2	2	2	2	2	2	2	2	2	2	2	2	2	2	2	2	2	2	2	2	2	2	2	2	2
Cell_0037	2	2	2	2	2	2	2	2	2	2	2	2	2	2	2	2	2	2	2	2	2	2	2	2	2	2	2	2	2	2	2	2	2
Cell_0038	2	2	2	2	2	2	2	2	2	2	2	2	2	2	2	2	2	2	2	2	2	2	2	2	2	2	2	2	2	2	2	2	2
Cell_0039	2	2	2	2	2	2	2	2	2	2	2	2	2	2	2	2	2	2	2	2	2	2	2	2	2	2	2	2	2	2	2	2	2
Cell_0040	2	2	2	2	2	2	2	2	2	2	2	2	2	2	2	2	2	2	2	2	2	2	2	2	2	2	2	2	2	2	2	2	2
Cell_0041	2	2	2	2	2	2	2	2	2	2	2	2	2	2	2	2	2	2	2	2	2	2	2	2	2	2	2	2	2	2	2	2	2
Cell_0042	2	2	2	2	2	2	2	2	2	2	2	2	2	2	2	2	2	2	2	2	2	2	2	2	2	2	2	2	2	2	2	2	2
Cell_0043	2	2	2	2	2	2	2	2	2	2	2	2	2	2	2	2	2	2	2	2	2	2	2	2	2	2	2	2	2	2	2	2	2
Cell_0044	2	2	2	2	2	2	2	2	2	2	2	2	2	2	2	2	2	2	2	2	2	2	2	2	2	2	2	2	2	2	2	2	2
Cell_0045	2	2	2	2	2	2	2	2	2	2	2	2	2	2	2	2	2	2	2	2	2	2	2	2	2	2	2	2	2	2	2	2	2
Cell_0046	2	2	2	2	2	2	2	2	2	2	2	2	2	2	2	2	2	2	2	2	2	2	2	2	2	2	2	2	2	2	2	2	2
Cell_0047	2	2	2	2	2	2	2	2	2	2	2	2	2	2	2	2	2	2	2	2	2	2	2	2	2	2	2	2	2	2	2	2	2
Cell_0048	2	2	2	2	2	2	2	2	2	2	2	2	2	2	2	2	2	2	2	2	2	2	2	2	2	2	2	2	2	2	2	2	2
Cell_0049	2	2	2	2	2	2	2	2	2	2	2	2	2	2	2	2	2	2	2	2	2	2	2	2	2	2	2	2	2	2	2	2	2
Cell_0050	2	2	2	2	2	2	2	2	2	2	2	2	2	2	2	2	2	2	2	2	2	2	2	2	2	2	2	2	2	2	2	2	2
Cell_0051	2	2	2	2	2	2	2	2	2	2	2	2	2	2	2	2	2	2	2	2	2	2	2	2	2	2	2	2	2	2	2	2	2
Cell_0052	2	2	2	2	2	2	2	2	2	2	2	2	2	2	2	2	2	2	2	2	2	2	2	2	2	2	2	2	2	2	2	2	2
Cell_0053	2	2	2	2	2	2	2	2	2	2	2	2	2	2	2	2	2	2	2	2	2	2	2	2	2	2	2	2	2	2	2	2	2
Cell_0054	2	2	2	2	2	2	2	2	2	2	2	2	2	2	2	2	2	2	2	2	2	2	2	2	2	2	2	2	2	2	2	2	2
Cell_0055	2	2	2	2	2	2	2	2	2	2	2	2	2	2	2	2	2	2	2	2	2	2	2	2	2	2	2	2	2	2	2	2	2
Cell_0056	2	2	2	2	2	2	2	2	2	2	2	2	2	2	2	2	2	2	2	2	2	2	2	2	2	2	2	2	2	2	2	2	2
Cell_0057	2	2	2	2	2	2	2	2	2	2	2	2	2	2	2	2	2	2	2	2	2	2	2	2	2	2	2	2	2	2	2	2	2
Cell_0058	2	2	2	2	2	2	2	2	2	2	2	2	2	2	2	2	2	2	2	2	2	2	2	2	2	2	2	2	2	2	2	2	2
Cell_0059	2	2	2	2	2	2	2	2	2	2	2	2	2	2	2	2	2	2	2	2	2	2	2	2	2	2	2	2	2	2	2	2	2
Cell_0060	2	2	2	2	2	2	2	2	2	2	2	2	2	2	2	2	2	2	2	2	2	2	2	2	2	2	2	2	2	2	2	2	2
Cell_0061	2	2	2	2	2	2	2	2	2	2	2	2	2	2	2	2	2	2	2	2	2	2	2	2	2	2	2	2	2	2	2	2	2
Cell_0062	2	2	2	2	2	2	2	2	2	2	2	2	2	2	2	2	2	2	2	2	2	2	2	2	2	2	2	2	2	2	2	2	2
Cell_0063	2	2	2	2	2	2	2	2	2	2	2	2	2	2	2	2	2	2	2	2	2	2	2	2	2	2	2	2	2	2	2	2	2
Cell_0064	2	2	2	2	2	2	2	2	2	2	2	2	2	2	2	2	2	2	2	2	2	2	2	2	2	2	2	2	2	2	2	2	2
Cell_0065	2	2	2	2	2	2	2	2	2	2	2	2	2	2	2	2	2	2	2	2	2	2	2	2	2	2	2	2	2	2	2	2	2
Cell_0066	2	2	2	2	2	2	2	2	2	2	2	2	2	2	2	2	2	2	2	2	2	2	2	2	2	2	2	2	2	2	2	2	2
Cell_0067	2	2	2	2	2	2	2	2	2	2	2	2	2	2	2	2	2	2	2	2	2	2	2	2	2	2	2	2	2	2	2	2	2
Cell_0068	2	2	2	2	2	2	2	2	2	2	2	2	2	2	2	2	2	2	2	2	2	2	2	2	2	2	2	2	2	2	2	2	2
Cell_0069	2	2	2	2	2	2	2	2	2	2	2	2	2	2	2	2	2	2	2	2	2	2	2	2	2	2	2	2	2	2	2	2	2
Cell_0070	2	2	2	2	2	2	2	2	2	2	2	2	2	2	2	2	2	2	2	2	2	2	2	2	2	2	2	2	2	2	2	2	2
Cell_0071	2	2	2	2	2	2	2	2	2	2	2	2	2	2	2	2	2	2	2	2	2	2	2	2	2	2	2	2	2	2	2	2	2
Cell_0072	2	2	2	2	2	2	2	2	2	2	2	2	2	2	2	2	2	2	2	2	2	2	2	2	2	2	2	2	2	2	2	2	2
Cell_0073	2	2	2	2	2	2	2	2	2	2	2	2	2	2	2	2	2	2	2	2	2	2	2	2	2	2	2	2	2	2	2	2	2
Cell_0074	2	2	2	2	2	2	2	2	2	2	2	2	2	2	2	2	2	2	2	2	2	2	2	2	2	2	2	2	2	2	2	2	2
Cell_0075	2	2	2	2	2	2	2	2	2	2	2	2	2	2	2	2	2	2	2	2	2	2	2	2	2	2	2	2	2	2	2	2	2
Cell_0076	2	2	2	2	2	2	2	2	2	2	2	2	2	2	2	2	2	2	2	2	2	2	2	2	2	2	2	2	2	2	2	2	2
Cell_0077	2	2	2	2	2	2	2	2	2	2	2	2	2	2	2	2	2	2	2	2	2	2	2	2	2	2	2	2	2	2	2	2	2
Cell_0078	2	2	2	2	2	2	2	2	2	2	2	2	2	2	2	2	2	2	2	2	2	2	2	2	2	2	2	2	2	2	2	2	2
Cell_0079	2	2	2	2	2	2	2	2	2	2	2	2	2	2	2	2	2	2	2	2	2	2	2	2	2	2	2	2	2	2	2	2	2
Cell_0080	2	2	2	2	2	2	2	2	2	2	2	2	2	2	2	2	2	2	2	2	2	2	2	2	2	2	2	2	2	2	2	2	2
Cell_0081	2	2	2	2	2	2	2	2	2	2	2	2	2	2	2	2	2	2	2	2	2	2	2	2	2	2	2	2	2	2	2	2	2
Cell_0082	2	2	2	2	2	2	2	2	2	2	2	2	2	2	2	2	2	2	2	2	2	2	2	2	2	2	2	2	2	2	2	2	2
Cell_0083	2	2	2	2	2	2	2	2	2	2	2	2	2	2	2	2	2	2	2	2	2	2	2	2	2	2	2	2	2	2	2	2	2
Cell_0084	2	2	2	2	2	2	2	2	2	2	2	2	2	2	2	2	2	2	2	2	2	2	2	2	2	2	2	2	2	2	2	2	2
Cell_0085	2	2	2	2	2	2	2	2	2	2	2	2	2	2	2	2	2	2	2	2	2	2	2	2	2	2	2	2	2	2	2	2	2
Cell_0086	2	2	2	2	2	2	2	2	2	2	2	2	2	2	2	2	2	2	2	2	2	2	2	2	2	2	2	2	2	2	2	2	2
Cell_0087	2	2	2	2	2	2	2	2	2	2	2	2	2	2	2	2	2	2	2	2	2	2	2	2	2	2	2	2	2	2	2	2	2
Cell_0088	2	2	2	2	2	2	2	2	2	2	2	2	2	2	2	2	2	2	2	2	2	2	2	2	2	2	2	2	2	2	2	2	2
Cell_0089	2	2	2	2	2	2	2	2	2	2	2	2	2	2	2	2	2	2	2	2	2	2	2	2	2	2	2	2	2	2	2	2	2
Cell_0090	2	2	2	2	2	2	2	2	2	2	2	2	2	2	2	2	2	2	2	2	2	2	2	2	2	2	2	2	2	2	2	2	2
Cell_0091	2	2	2	2	2	2	2	2	2	2	2	2	2	2	2	2	2	2	2	2	2	2	2	2	2	2	2	2	2	2	2	2	2
Cell_0092	2	2	2	2	2	2	2	2	2	2	2	2	2	2	2	2	2	2	2	2	2	2	2	2	2	2	2	2	2	2	2	2	2
Cell_0093	2	2	2	2	2	2	2	2	2	2	2	2	2	2	2	2	2	2	2	2	2	2	2	2	2	2	2	2	2	2	2	2	2
Cell_0094	2	2	2	2	2	2	2	2	2	2	2	2	2	2	2	2	2	2	2	2	2	2	2	2	2	2	2	2	2	2	2	2	2
Cell_0095	2	2	2	2	2	2	2	2	2	2	2	2	2	2	2	2	2	2	2	2	2	2	2	2	2	2	2	2	2	2	2	2	2
Cell_0096	2	2	2	2	2	2	2	2	2	2	2	2	2	2	2	2	2	2	2	2	2	2	2	2	2	2	2	2	2	2	2	2	2
Cell_0097	2	2	2	2	2	2	2	2	2	2	2	2	2	2	2	2	2	2	2	2	2	2	2	2	2	2	2	2	2	2	2	2	2
Cell_0098	2	2	2	2	2	2	2	2	2	2	2	2	2	2	2	2	2	2	2	2	2	2	2	2	2	2	2	2	2	2	2	2	2
Cell_0099	2	2	2	2	2	2	2	2	2	2	2	2	2	2	2	2	2	2	2	2	2	2	2	2	2	2	2	2	2	2	2	2	2
Cell_0100	2	2	2	2	2	2	2	2	2	2	2	2	2	2	2	2	2	2	2	2	2	2	2	2	2	2	2	2	2	2	2	2	2
Cell_0101	2	2	2	2	2	2	2	2	2	2	2	2	2	2	2	2	2	2	2	2	2	2	2	2	2	2	2	2	2	2	2	2	2
Cell_0102	2	2	2	2	2	2	2	2	2	2	2	2	2	2	2	2	2	2	2	2	2	2	2	2	2	2	2	2	2	2	2	2	2
Cell_0103	2	2	2	2	2	2	2	2	2	2	2	2	2	2	2	2	2	2	2	2	2	2	2	2	2	2	2	2	2	2	2	2	2
Cell_0104	2	2	2	2	2	2	2	2	2	2	2	2	2	2	2	2	2	2	2	2	2	2	2	2	2	2	2	2	2	2	2	2	2
Cell_0105	2	2	2	2	2	2	2	2	2	2	2	2	2	2	2	2	2	2	2	2	2	2	2	2	2	2	2	2	2	2	2	2	2
Cell_0106	2	2	2	2	2	2	2	2	2	2	2	2	2	2	2	2	2	2	2	2	2	2	2	2	2	2	2	2	2	2	2	2	2
Cell_0107	2	2	2	2	2	2	2	2	2	2	2	2	2	2	2	2	2	2	2	2	2	2	2	2	2	2	2	2	2	2	2	2	2
Cell_0108	2	2	2	2	2	2	2	2	2	2	2	2	2	2	2	2	2	2	2	2	2	2	2	2	2	2	2	2	2	2	2	2	2
Cell_0109	2	2	2	2	2	2	2	2	2	2	2	2	2	2	2	2	2	2	2	2	2	2	2	2	2	2	2	2	2	2	2	2	2
Cell_0110	2	2	2	2	2	2	2	2	2	2	2	2	2	2	2	2	2	2	2	2	2	2	2	2	2	2	2	2	2	2	2	2	2
Cell_0111	2	2	2	2	2	2	2	2	2	2	2	2	2	2	2	2	2	2	2	2	2	2	2	2	2	2	2	2	2	2	2	2	2
Cell_0112	2	2	2	2	2	2	2	2	2	2	2	2	2	2	2	2	2	2	2	2	2	2	2	2	2	2	2	2	2	2	2	2	2
Cell_0113	2	2	2	2	2	2	2	2	2	2	2	2	2	2	2	2	2	2	2	2	2	2	2	2	2	2	2	2	2	2	2	2	2
Cell_0114	2	2	2	2	2	2	2	2	2	2	2	2	2	2	2	2	2	2	2	2	2	2	2	2	2	2	2	2	2	2	2	2	2
Cell_0115	2	2	2	2	2	2	2	2	2	2	2	2	2	2	2	2	2	2	2	2	2	2	2	2	2	2	2	2	2	2	2	2	2
Cell_0116	2	2	2	2	2	2	2	2	2	2	2	2	2	2	2	2	2	2	2	2	2	2	2	2	2	2	2	2	2	2	2	2	2
Cell_0117	2	2	2	2	2	2	2	2	2	2	2	2	2	2	2	2	2	2	2	2	2	2	2	2	2	2	2	2	2	2	2	2	2
Cell_0118	2	2	2	2	2	2	2	2	2	2	2	2	2	2	2	2	2	2	2	2	2	2	2	2	2	2	2	2	2	2	2	2	2
Cell_0119	2	2	2	2	2	2	2	2	2	2	2	2	2	2	2	2	2	2	2	2	2	2	2	2	2	2	2	2	2	2	2	2	2
Cell_0120	2	2	2	2	2	2	2	2	2	2	2	2	2	2	2	2	2	2	2	2	2	2	2	2	2	2	2	2	2	2	2	2	2
Cell_0121	2	2	2	2	2	2	2	2	2	2	2	2	2	2	2	2	2	2	2	2	2	2	2	2	2	2	2	2	2	2	2	2	2
Cell_0122	2	2	2	2	2	2	2	2	2	2	2	2	2	2	2	2	2	2	2	2	2	2	2	2	2	2	2	2	2	2	2	2	2
Cell_0123	2	2	2	2	2	2	2	2	2	2	2	2	2	2	2	2	2	2	2	2	2	2	2	2	2	2	2	2	2	2	2	2	2
Cell_0124	2	2	2	2	2	2	2	2	2	2	2	2	2	2	2	2	2	2	2	2	2	2	2	2	2	2	2	2	2	2	2	2	2
Cell_0125	2	2	2	2	2	2	2	2	2	2	2	2	2	2	2	2	2	2	2	2	2	2	2	2	2	2	2	2	2	2	2	2	2
Cell_0126	2	2	2	2	2	2	2	2	2	2	2	2	2	2	2	2	2	2	2	2	2	2	2	2	2	2	2	2	2	2	2	2	2
Cell_0127	2	2	2	2	2	2	2	2	2	2	2	2	2	2	2	2	2	2	2	2	2	2	2	2	2	2	2	2	2	2	2	2	2
Cell_0128	2	2	2	2	2	2	2	2	2	2	2	2	2	2	2	2	2	2	2	2	2	2	2	2	2	2	2	2	2	2	2	2	2
Cell_0129	2	2	2	2	2	2	2	2	2	2	2	2	2	2	2	2	2	2	2	2	2	2	2	2	2	2	2	2	2	2	2	2	2
Cell_0130	2	2	2	2	2	2	2	2	2	2	2	2	2	2	2	2	2	2	2	2	2	2	2	2	2	2	2	2	2	2	2	2	2
Cell_0131	2	2	2	2	2	2	2	2	2	2	2	2	2	2	2	2	2	2	2	2	2	2	2	2	2	2	2	2	2	2	2	2	2
Cell_0132	2	2	2	2	2	2	2	2	2	2	2	2	2	2	2	2	2	2	2	2	2	2	2	2	2	2	2	2	2	2	2	2	2
Cell_0133	2	2	2	2	2	2	2	2	2	2	2	2	2	2	2	2	2	2	2	2	2	2	2	2	2	2	2	2	2	2	2	2	2
Cell_0134	2	2	2	2	2	2	2	2	2	2	2	2	2	2	2	2	2	2	2	2	2	2	2	2	2	2	2	2	2	2	2	2	2
Cell_0135	2	2	2	2	2	2	2	2	2	2	2	2	2	2	2	2	2	2	2	2	2	2	2	2	2	2	2	2	2	2	2	2	2
Cell_0136	2	2	2	2	2	2	2	2	2	2	2	2	2	2	2	2	2	2	2	2	2	2	2	2	2	2	2	2	2	2	2	2	2
Cell_0137	2	2	2	2	2	2	2	2	2	2	2	2	2	2	2	2	2	2	2	2	2	2	2	2	2	2	2	2	2	2	2	2	2
Cell_0138	2	2	2	2	2	2	2	2	2	2	2	2	2	2	2	2	2	2	2	2	2	2	2	2	2	2	2	2	2	2	2	2	2
Cell_0139	2	2	2	2	2	2	2	2	2	2	2	2	2	2	2	2	2	2	2	2	2	2	2	2	2	2	2	2	2	2	2	2	2
Cell_0140	2	2	2	2	2	2	2	2	2	2	2	2	2	2	2	2	2	2	2	2	2	2	2	2	2	2	2	2	2	2	2	2	2
Cell_0141	2	2	2	2	2	2	2	2	2	2	2	2	2	2	2	2	2	2	2	2	2	2	2	2	2	2	2	2	2	2	2	2	2
Cell_0142	2	2	2	2	2	2	2	2	2	2	2	2	2	2	2	2	2	2	2	2	2	2	2	2	2	2	2	2	2	2	2	2	2
Cell_0143	2	2	2	2	2	2	2	2	2	2	2	2	2	2	2	2	2	2	2	2	2	2	2	2	2	2	2	2	2	2	2	2	2
Cell_0144	2	2	2	2	2	2	2	2	2	2	2	2	2	2	2	2	2	2	2	2	2	2	2	2	2	2	2	2	2	2	2	2	2
Cell_0145	2	2	2	2	2	2	2	2	2	2	2	2	2	2	2	2	2	2	2	2	2	2	2	2	2	2	2	2	2	2	2	2	2
Cell_0146	2	2	2	2	2	2	2	2	2	2	2	2	2	2	2	2	2	2	2	2	2	2	2	2	2	2	2	2	2	2	2	2	2
Cell_0147	2	2	2	2	2	2	2	2	2	2	2	2	2	2	2	2	2	2	2	2	2	2	2	2	2	2	2	2	2	2	2	2	2
Cell_0148	2	2	2	2	2	2	2	2	2	2	2	2	2	2	2	2	2	2	2	2	2	2	2	2	2	2	2	2	2	2	2	2	2
Cell_0149	2	2	2	2	2	2	2	2	2	2	2	2	2	2	2	2	2	2	2	2	2	2	2	2	2	2	2	2	2	2	2	2	2
Cell_0150	2	2	2	2	2	2	2	2	2	2	2	2	2	2	2	2	2	2	2	2	2	2	2	2	2	2	2	2	2	2	2	2	2
Cell_0151	2	2	2	2	2	2	2	2	2	2	2	2	2	2	2	2	2	2	2	2	2	2	2	2	2	2	2	2	2	2	2	2	2
Cell_0152	2	2	2	2	2	2	2	2	2	2	2	2	2	2	2	2	2	2	2	2	2	2	2	2	2	2	2	2	2	2	2	2	2
Cell_0153	2	2	2	2	2	2	2	2	2	2	2	2	2	2	2	2	2	2	2	2	2	2	2	2	2	2	2	2	2	2	2	2	2
Cell_0154	2	2	2	2	2	2	2	2	2	2	2	2	2	2	2	2	2	2	2	2	2	2	2	2	2	2	2	2	2	2	2	2	2
Cell_0155	2	2	2	2	2	2	2	2	2	2	2	2	2	2	2	2	2	2	2	2	2	2	2	2	2	2	2	2	2	2	2	2	2
Cell_0156	2	2	2	2	2	2	2	2	2	2	2	2	2	2	2	2	2	2	2	2	2	2	2	2	2	2	2	2	2	2	2	2	2
Cell_0157	2	2	2	2	2	2	2	2	2	2	2	2	2	2	2	2	2	2	2	2	2	2	2	2	2	2	2	2	2	2	2	2	2
Cell_0158	2	2	2	2	2	2	2	2	2	2	2	2	2	2	2	2	2	2	2	2	2	2	2	2	2	2	2	2	2	2	2	2	2
Cell_0159	2	2	2	2	2	2	2	2	2	2	2	2	2	2	2	2	2	2	2	2	2	2	2	2	2	2	2	2	2	2	2	2	2
Cell_0160	2	2	2	2	2	2	2	2	2	2	2	2	2	2	2	2	2	2	2	2	2	2	2	2	2	2	2	2	2	2	2	2	2
Cell_0161	2	2	2	2	2	2	2	2	2	2	2	2	2	2	2	2	2	2	2	2	2	2	2	2	2	2	2	2	2	2	2	2	2
Cell_0162	2	2	2	2	2	2	2	2	2	2	2	2	2	2	2	2	2	2	2	2	2	2	2	2	2	2	2	2	2	2	2	2	2
Cell_0163	2	2	2	2	2	2	2	2	2	2	2	2	2	2	2	2	2	2	2	2	2	2	2	2	2	2	2	2	2	2	2	2	2
Cell_0164	2	2	2	2	2	2	2	2	2	2	2	2	2	2	2	2	2	2	2	2	2	2	2	2	2	2	2	2	2	2	2	2	2
Cell_0165	2	2	2	2	2	2	2	2	2	2	2	2	2	2	2	2	2	2	2	2	2	2	2	2	2	2	2	2	2	2	2	2	2
Cell_0166	2	2	2	2	2	2	2	2	2	2	2	2	2	2	2	2	2	2	2	2	2	2	2	2	2	2	2	2	2	2	2	2	2
Cell_0167	2	2	2	2	2	2	2	2	2	2	2	2	2	2	2	2	2	2	2	2	2	2	2	2	2	2	2	2	2	2	2	2	2
Cell_0168	2	2	2	2	2	2	2	2	2	2	2	2	2	2	2	2	2	2	2	2	2	2	2	2	2	2	2	2	2	2	2	2	2
Cell_0169	2	2	2	2	2	2	2	2	2	2	2	2	2	2	2	2	2	2	2	2	2	2	2	2	2	2	2	2	2	2	2	2	2
Cell_0170	2	2	2	2	2	2	2	2	2	2	2	2	2	2	2	2	2	2	2	2	2	2	2	2	2	2	2	2	2	2	2	2	2
Cell_0171	2	2	2	2	2	2	2	2	2	2	2	2	2	2	2	2	2	2	2	2	2	2	2	2	2	2	2	2	2	2	2	2	2
Cell_0172	2	2	2	2	2	2	2	2	2	2	2	2	2	2	2	2	2	2	2	2	2	2	2	2	2	2	2	2	2	2	2	2	2
Cell_0173	2	2	2	2	2	2	2	2	2	2	2	2	2	2	2	2	2	2	2	2	2	2	2	2	2	2	2	2	2	2	2	2	2
Cell_0174	2	2	2	2	2	2	2	2	2	2	2	2	2	2	2	2	2	2	2	2	2	2	2	2	2	2	2	2	2	2	2	2	2
Cell_0175	2	2	2	2	2	2	2	2	2	2	2	2	2	2	2	2	2	2	2	2	2	2	2	2	2	2	2	2	2	2	2	2	2
Cell_0176	2	2	2	2	2	2	2	2	2	2	2	2	2	2	2	2	2	2	2	2	2	2	2	2	2	2	2	2	2	2	2	2	2
Cell_0177	2	2	2	2	2	2	2	2	2	2	2	2	2	2	2	2	2	2	2	2	2	2	2	2	2	2	2	2	2	2	2	2	2
Cell_0178	2	2	2	2	2	2	2	2	2	2	2	2	2	2	2	2	2	2	2	2	2	2	2	2	2	2	2	2	2	2	2	2	2
Cell_0179	2	2	2	2	2	2	2	2	2	2	2	2	2	2	2	2	2	2	2	2	2	2	2	2	2	2	2	2	2	2	2	2	2
Cell_0180	2	2	2	2	2	2	2	2	2	2	2	2	2	2	2	2	2	2	2	2	2	2	2	2	2	2	2	2	2	2	2	2	2
Cell_0181	2	2	2	2	2	2	2	2	2	2	2	2	2	2	2	2	2	2	2	2	2	2	2	2	2	2	2	2	2	2	2	2	2
Cell_0182	2	2	2	2	2	2	2	2	2	2	2	2	2	2	2	2	2	2	2	2	2	2	2	2	2	2	2	2	2	2	2	2	2
Cell_0183	2	2	2	2	2	2	2	2	2	2	2	2	2	2	2	2	2	2	2	2	2	2	2	2	2	2	2	2	2	2	2	2	2
Cell_0184	2	2	2	2	2	2	2	2	2	2	2	2	2	2	2	2	2	2	2	2	2	2	2	2	2	2	2	2	2	2	2	2	2
Cell_0185	2	2	2	2	2	2	2	2	2	2	2	2	2	2	2	2	2	2	2	2	2	2	2	2	2	2	2	2	2	2	2	2	2
Cell_0186	2	2	2	2	2	2	2	2	2	2	2	2	2	2	2	2	2	2	2	2	2	2	2	2	2	2	2	2	2	2	2	2	2
Cell_0187	2	2	2	2	2	2	2	2	2	2	2	2	2	2	2	2	2	2	2	2	2	2	2	2	2	2	2	2	2	2	2	2	2
Cell_0188	2	2	2	2	2	2	2	2	2	2	2	2	2	2	2	2	2	2	2	2	2	2	2	2	2	2	2	2	2	2	2	2	2
Cell_0189	2	2	2	2	2	2	2	2	2	2	2	2	2	2	2	2	2	2	2	2	2	2	2	2	2	2	2	2	2	2	2	2	2
Cell_0190	2	2	2	2	2	2	2	2	2	2	2	2	2	2	2	2	2	2	2	2	2	2	2	2	2	2	2	2	2	2	2	2	2
Cell_0191	2	2	2	2	2	2	2	2	2	2	2	2	2	2	2	2	2	2	2	2	2	2	2	2	2	2	2	2	2	2	2	2	2
Cell_0192	2	2	2	2	2	2	2	2	2	2	2	2	2	2	2	2	2	2	2	2	2	2	2	2	2	2	2	2	2	2	2	2	2
Cell_0193	2	2	2	2	2	2	2	2	2	2	2	2	2	2	2	2	2	2	2	2	2	2	2	2	2	2	2	2	2	2	2	2	2
Cell_0194	2	2	2	2	2	2	2	2	2	2	2	2	2	2	2	2	2	2	2	2	2	2	2	2	2	2	2	2	2	2	2	2	2
Cell_0195	2	2	2	2	2	2	2	2	2	2	2	2	2	2	2	2	2	2	2	2	2	2	2	2	2	2	2	2	2	2	2	2	2
Cell_0196	2	2	2	2	2	2	2	2	2	2	2	2	2	2	2	2	2	2	2	2	2	2	2	2	2	2	2	2	2	2	2	2	2
Cell_0197	2	2	2	2	2	2	2	2	2	2	2	2	2	2	2	2	2	2	2	2	2	2	2	2	2	2	2	2	2	2	2	2	2
Cell_0198	2	2	2	2	2	2	2	2	2	2	2	2	2	2	2	2	2	2	2	2	2	2	2	2	2	2	2	2	2	2	2	2	2
Cell_0199	2	2	2	2	2	2	2	2	2	2	2	2	2	2	2	2	2	2	2	2	2	2	2	2	2	2	2	2	2	2	2	2	2
Cell_0200	2	2	2	2	2	2	2	2	2	2	2	2	2	2	2	2	2	2	2	2	2	2	2	2	2	2	2	2	2	2	2	2	2
Cell_0201	2	2	2	2	2	2	2	2	2	2	2	2	2	2	2	2	2	2	2	2	2	2	2	2	2	2	2	2	2	2	2	2	2
Cell_0202	2	2	2	2	2	2	2	2	2	2	2	2	2	2	2	2	2	2	2	2	2	2	2	2	2	2	2	2	2	2	2	2	2
Cell_0203	2	2	2	2	2	2	2	2	2	2	2	2	2	2	2	2	2	2	2	2	2	2	2	2	2	2	2	2	2	2	2	2	2
Cell_0204	2	2	2	2	2	2	2	2	2	2	2	2	2	2	2	2	2	2	2	2	2	2	2	2	2	2	2	2	2	2	2	2	2
Cell_0205	2	2	2	2	2	2	2	2	2	2	2	2	2	2	2	2	2	2	2	2	2	2	2	2	2	2	2	2	2	2	2	2	2
Cell_0206	2	2	2	2	2	2	2	2	2	2	2	2	2	2	2	2	2	2	2	2	2	2	2	2	2	2	2	2	2	2	2	2	2
Cell_0207	2	2	2	2	2	2	2	2	2	2	2	2	2	2	2	2	2	2	2	2	2	2	2	2	2	2	2	2	2	2	2	2	2
Cell_0208	2	2	2	2	2	2	2	2	2	2	2	2	2	2	2	2	2	2	2	2	2	2	2	2	2	2	2	2	2	2	2	2	2
Cell_0209	2	2	2	2	2	2	2	2	2	2	2	2	2	2	2	2	2	2	2	2	2	2	2	2	2	2	2	2	2	2	2	2	2
Cell_0210	2	2	2	2	2	2	2	2	2	2	2	2	2	2	2	2	2	2	2	2	2	2	2	2	2	2	2	2	2	2	2	2	2
Cell_0211	2	2	2	2	2	2	2	2	2	2	2	2	2	2	2	2	2	2	2	2	2	2	2	2	2	2	2	2	2	2	2	2	2
Cell_0212	2	2	2	2	2	2	2	2	2	2	2	2	2	2	2	2	2	2	2	2	2	2	2	2	2	2	2	2	2	2	2	2	2
Cell_0213	2	2	2	2	2	2	2	2	2	2	2	2	2	2	2	2	2	2	2	2	2	2	2	2	2	2	2	2	2	2	2	2	2
Cell_0214	2	2	2	2	2	2	2	2	2	2	2	2	2	2	2	2	2	2	2	2	2	2	2	2	2	2	2	2	2	2	2	2	2
Cell_0215	2	2	2	2	2	2	2	2	2	2	2	2	2	2	2	2	2	2	2	2	2	2	2	2	2	2	2	2	2	2	2	2	2
Cell_0216	2	2	2	2	2	2	2	2	2	2	2	2	2	2	2	2	2	2	2	2	2	2	2	2	2	2	2	2	2	2	2	2	2
Cell_0217	2	2	2	2	2	2	2	2	2	2	2	2	2	2	2	2	2	2	2	2	2	2	2	2	2	2	2	2	2	2	2	2	2
Cell_0218	2	2	2	2	2	2	2	2	2	2	2	2	2	2	2	2	2	2	2	2	2	2	2	2	2	2	2	2	2	2	2	2	2
Cell_0219	2	2	2	2	2	2	2	2	2	2	2	2	2	2	2	2	2	2	2	2	2	2	2	2	2	2	2	2	2	2	2	2	2
Cell_0220	2	2	2	2	2	2	2	2	2	2	2	2	2	2	2	2	2	2	2	2	2	2	2	2	2	2	2	2	2	2	2	2	2
Cell_0221	2	2	2	2	2	2	2	2	2	2	2	2	2	2	2	2	2	2	2	2	2	2	2	2	2	2	2	2	2	2	2	2	2
Cell_0222	2	2	2	2	2	2	2	2	2	2	2	2	2	2	2	2	2	2	2	2	2	2	2	2	2	2	2	2	2	2	2	2	2
Cell_0223	2	2	2	2	2	2	2	2	2	2	2	2	2	2	2	2	2	2	2	2	2	2	2	2	2	2	2	2	2	2	2	2	2
Cell_0224	2	2	2	2	2	2	2	2	2	2	2	2	2	2	2	2	2	2	2	2	2	2	2	2	2	2	2	2	2	2	2	2	2
Cell_0225	2	2	2	2	2	2	2	2	2	2	2	2	2	2	2	2	2	2	2	2	2	2	2	2	2	2	2	2	2	2	2	2	2
Cell_0226	2	2	2	2	2	2	2	2	2	2	2	2	2	2	2	2	2	2	2	2	2	2	2	2	2	2	2	2	2	2	2	2	2
Cell_0227	2	2	2	2	2	2	2	2	2	2	2	2	2	2	2	2	2	2	2	2	2	2	2	2	2	2	2	2	2	2	2	2	2
Cell_0228	2	2	2	2	2	2	2	2	2	2	2	2	2	2	2	2	2	2	2	2	2	2	2	2	2	2	2	2	2	2	2	2	2
Cell_0229	2	2	2	2	2	2	2	2	2	2	2	2	2	2	2	2	2	2	2	2	2	2	2	2	2	2	2	2	2	2	2	2	2
Cell_0230	2	2	2	2	2	2	2	2	2	2	2	2	2	2	2	2	2	2	2	2	2	2	2	2	2	2	2	2	2	2	2	2	2
Cell_0231	2	2	2	2	2	2	2	2	2	2	2	2	2	2	2	2	2	2	2	2	2	2	2	2	2	2	2	2	2	2	2	2	2
Cell_0232	2	2	2	2	2	2	2	2	2	2	2	2	2	2	2	2	2	2	2	2	2	2	2	2	2	2	2	2	2	2	2	2	2
Cell_0233	2	2	2	2	2	2	2	2	2	2	2	2	2	2	2	2	2	2	2	2	2	2	2	2	2	2	2	2	2	2	2	2	2
Cell_0234	2	2	2	2	2	2	2	2	2	2	2	2	2	2	2	2	2	2	2	2	2	2	2	2	2	2	2	2	2	2	2	2	2
Cell_0235	2	2	2	2	2	2	2	2	2	2	2	2	2	2	2	2	2	2	2	2	2	2	2	2	2	2	2	2	2	2	2	2	2
Cell_0236	2	2	2	2	2	2	2	2	2	2	2	2	2	2	2	2	2	2	2	2	2	2	2	2	2	2	2	2	2	2	2	2	2
Cell_0237	2	2	2	2	2	2	2	2	2	2	2	2	2	2	2	2	2	2	2	2	2	2	2	2	2	2	2	2	2	2	2	2	2
Cell_0238	2	2	2	2	2	2	2	2	2	2	2	2	2	2	2	2	2	2	2	2	2	2	2	2	2	2	2	2	2	2	2	2	2
Cell_0239	2	2	2	2	2	2	2	2	2	2	2	2	2	2	2	2	2	2	2	2	2	2	2	2	2	2	2	2	2	2	2	2	2
Cell_0240	2	2	2	2	2	2	2	2	2	2	2	2	2	2	2	2	2	2	2	2	2	2	2	2	2	2	2	2	2	2	2	2	2
Cell_0241	2	2	2	2	2	2	2	2	2	2	2	2	2	2	2	2	2	2	2	2	2	2	2	2	2	2	2	2	2	2	2	2	2
Cell_0242	2	2	2	2	2	2	2	2	2	2	2	2	2	2	2	2	2	2	2	2	2	2	2	2	2	2	2	2	2	2	2	2	2
Cell_0243	2	2	2	2	2	2	2	2	2	2	2	2	2	2	2	2	2	2	2	2	2	2	2	2	2	2	2	2	2	2	2	2	2
Cell_0244	2	2	2	2	2	2	2	2	2	2	2	2	2	2	2	2	2	2	2	2	2	2	2	2	2	2	2	2	2	2	2	2	2
Cell_0245	2	2	2	2	2	2	2	2	2	2	2	2	2	2	2	2	2	2	2	2	2	2	2	2	2	2	2	2	2	2	2	2	2
Cell_0246	2	2	2	2	2	2	2	2	2	2	2	2	2	2	2	2	2	2	2	2	2	2	2	2	2	2	2	2	2	2	2	2	2
Cell_0247	2	2	2	2	2	2	2	2	2	2	2	2	2	2	2	2	2	2	2	2	2	2	2	2	2	2	2	2	2	2	2	2	2
Cell_0248	2	2	2	2	2	2	2	2	2	2	2	2	2	2	2	2	2	2	2	2	2	2	2	2	2	2	2	2	2	2	2	2	2
Cell_0249	2	2	2	2	2	2	2	2	2	2	2	2	2	2	2	2	2	2	2	2	2	2	2	2	2	2	2	2	2	2	2	2	2
Cell_0250	2	2	2	2	2	2	2	2	2	2	2	2	2	2	2	2	2	2	2	2	2	2	2	2	2	2	2	2	2	2	2	2	2
Cell_0251	2	2	2	2	2	2	2	2	2	2	2	2	2	2	2	2	2	2	2	2	2	2	2	2	2	2	2	2	2	2	2	2	2
Cell_0252	2	2	2	2	2	2	2	2	2	2	2	2	2	2	2	2	2	2	2	2	2	2	2	2	2	2	2	2	2	2	2	2	2
Cell_0253	2	2	2	2	2	2	2	2	2	2	2	2	2	2	2	2	2	2	2	2	2	2	2	2	2	2	2	2	2	2	2	2	2
Cell_0254	2	2	2	2	2	2	2	2	2	2	2	2	2	2	2	2	2	2	2	2	2	2	2	2	2	2	2	2	2	2	2	2	2
Cell_0255	2	2	2	2	2	2	2	2	2	2	2	2	2	2	2	2	2	2	2	2	2	2	2	2	2	2	2	2	2	2	2	2	2
Cell_0256	2	2	2	2	2	2	2	2	2	2	2	2	2	2	2	2	2	2	2	2	2	2	2	2	2	2	2	2	2	2	2	2	2
Cell_0257	2	2	2	2	2	2	2	2	2	2	2	2	2	2	2	2	2	2	2	2	2	2	2	2	2	2	2	2	2	2	2	2	2
Cell_0258	2	2	2	2	2	2	2	2	2	2	2	2	2	2	2	2	2	2	2	2	2	2	2	2	2	2	2	2	2	2	2	2	2
Cell_0259	2	2	2	2	2	2	2	2	2	2	2	2	2	2	2	2	2	2	2	2	2	2	2	2	2	2	2	2	2	2	2	2	2
Cell_0260	2	2	2	2	2	2	2	2	2	2	2	2	2	2	2	2	2	2	2	2	2	2	2	2	2	2	2	2	2	2	2	2	2
Cell_0261	2	2	2	2	2	2	2	2	2	2	2	2	2	2	2	2	2	2	2	2	2	2	2	2	2	2	2	2	2	2	2	2	2
Cell_0262	2	2	2	2	2	2	2	2	2	2	2	2	2	2	2	2	2	2	2	2	2	2	2	2	2	2	2	2	2	2	2	2	2
Cell_0263	2	2	2	2	2	2	2	2	2	2	2	2	2	2	2	2	2	2	2	2	2	2	2	2	2	2	2	2	2	2	2	2	2
Cell_0264	2	2	2	2	2	2	2	2	2	2	2	2	2	2	2	2	2	2	2	2	2	2	2	2	2	2	2	2	2	2	2	2	2
Cell_0265	2	2	2	2	2	2	2	2	2	2	2	2	2	2	2	2	2	2	2	2	2	2	2	2	2	2	2	2	2	2	2	2	2
Cell_0266	2	2	2	2	2	2	2	2	2	2	2	2	2	2	2	2	2	2	2	2	2	2	2	2	2	2	2	2	2	2	2	2	2
Cell_0267	2	2	2	2	2	2	2	2	2	2	2	2	2	2	2	2	2	2	2	2	2	2	2	2	2	2	2	2	2	2	2	2	2
Cell_0268	2	2	2	2	2	2	2	2	2	2	2	2	2	2	2	2	2	2	2	2	2	2	2	2	2	2	2	2	2	2	2	2	2
Cell_0269	2	2	2	2	2	2	2	2	2	2	2	2	2	2	2	2	2	2	2	2	2	2	2	2	2	2	2	2	2	2	2	2	2
Cell_0270	2	2	2	2	2	2	2	2	2	2	2	2	2	2	2	2	2	2	2	2	2	2	2	2	2	2	2	2	2	2	2	2	2
Cell_0271	2	2	2	2	2	2	2	2	2	2	2	2	2	2	2	2	2	2	2	2	2	2	2	2	2	2	2	2	2	2	2	2	2
Cell_0272	2	2	2	2	2	2	2	2	2	2	2	2	2	2	2	2	2	2	2	2	2	2	2	2	2	2	2	2	2	2	2	2	2
Cell_0273	2	2	2	2	2	2	2	2	2	2	2	2	2	2	2	2	2	2	2	2	2	2	2	2	2	2	2	2	2	2	2	2	2
Cell_0274	2	2	2	2	2	2	2	2	2	2	2	2	2	2	2	2	2	2	2	2	2	2	2	2	2	2	2	2	2	2	2	2	2
Cell_0275	2	2	2	2	2	2	2	2	2	2	2	2	2	2	2	2	2	2	2	2	2	2	2	2	2	2	2	2	2	2	2	2	2
Cell_0276	2	2	2	2	2	2	2	2	2	2	2	2	2	2	2	2	2	2	2	2	2	2	2	2	2	2	2	2	2	2	2	2	2
Cell_0277	2	2	2	2	2	2	2	2	2	2	2	2	2	2	2	2	2	2	2	2	2	2	2	2	2	2	2	2	2	2	2	2	2
Cell_0278	2	2	2	2	2	2	2	2	2	2	2	2	2	2	2	2	2	2	2	2	2	2	2	2	2	2	2	2	2	2	2	2	2
Cell_0279	2	2	2	2	2	2	2	2	2	2	2	2	2	2	2	2	2	2	2	2	2	2	2	2	2	2	2	2	2	2	2	2	2
Cell_0280	2	2	2	2	2	2	2	2	2	2	2	2	2	2	2	2	2	2	2	2	2	2	2	2	2	2	2	2	2	2	2	2	2
Cell_0281	2	2	2	2	2	2	2	2	2	2	2	2	2	2	2	2	2	2	2	2	2	2	2	2	2	2	2	2	2	2	2	2	2
Cell_0282	2	2	2	2	2	2	2	2	2	2	2	2	2	2	2	2	2	2	2	2	2	2	2	2	2	2	2	2	2	2	2	2	2
Cell_0283	2	2	2	2	2	2	2	2	2	2	2	2	2	2	2	2	2	2	2	2	2	2	2	2	2	2	2	2	2	2	2	2	2
Cell_0284	2	2	2	2	2	2	2	2	2	2	2	2	2	2	2	2	2	2	2	2	2	2	2	2	2	2	2	2	2	2	2	2	2
Cell_0285	2	2	2	2	2	2	2	2	2	2	2	2	2	2	2	2	2	2	2	2	2	2	2	2	2	2	2	2	2	2	2	2	2
Cell_0286	2	2	2	2	2	2	2	2	2	2	2	2	2	2	2	2	2	2	2	2	2	2	2	2	2	2	2	2	2	2	2	2	2
Cell_0287	2	2	2	2	2	2	2	2	2	2	2	2	2	2	2	2	2	2	2	2	2	2	2	2	2	2	2	2	2	2	2	2	2
Cell_0288	2	2	2	2	2	2	2	2	2	2	2	2	2	2	2	2	2	2	2	2	2	2	2	2	2	2	2	2	2	2	2	2	2
Cell_0289	2	2	2	2	2	2	2	2	2	2	2	2	2	2	2	2	2	2	2	2	2	2	2	2	2	2	2	2	2	2	2	2	2
Cell_0290	2	2	2	2	2	2	2	2	2	2	2	2	2	2	2	2	2	2	2	2	2	2	2	2	2	2	2	2	2	2	2	2	2
Cell_0291	2	2	2	2	2	2	2	2	2	2	2	2	2	2	2	2	2	2	2	2	2	2	2	2	2	2	2	2	2	2	2	2	2
Cell_0292	2	2	2	2	2	2	2	2	2	2	2	2	2	2	2	2	2	2	2	2	2	2	2	2	2	2	2	2	2	2	2	2	2
Cell_0293	2	2	2	2	2	2	2	2	2	2	2	2	2	2	2	2	2	2	2	2	2	2	2	2	2	2	2	2	2	2	2	2	2
Cell_0294	2	2	2	2	2	2	2	2	2	2	2	2	2	2	2	2	2	2	2	2	2	2	2	2	2	2	2	2	2	2	2	2	2
Cell_0295	2	2	2	2	2	2	2	2	2	2	2	2	2	2	2	2	2	2	2	2	2	2	2	2	2	2	2	2	2	2	2	2	2
Cell_0296	2	2	2	2	2	2	2	2	2	2	2	2	2	2	2	2	2	2	2	2	2	2	2	2	2	2	2	2	2	2	2	2	2
Cell_0297	2	2	2	2	2	2	2	2	2	2	2	2	2	2	2	2	2	2	2	2	2	2	2	2	2	2	2	2	2	2	2	2	2
Cell_0298	2	2	2	2	2	2	2	2	2	2	2	2	2	2	2	2	2	2	2	2	2	2	2	2	2	2	2	2	2	2	2	2	2
Cell_0299	2	2	2	2	2	2	2	2	2	2	2	2	2	2	2	2	2	2	2	2	2	2	2	2	2	2	2	2	2	2	2	2	2
Cell_0300	3	2	3	3	2	2	3	2	3	3	3	2	3	3	2	2	2	3	3	2	3	3	3	3	3	3	3	2	3	3	3	3	3
Cell_0301	3	2	3	3	3	2	3	3	3	3	3	3	3	3	3	3	3	2	3	2	3	3	3	3	2	3	3	3	3	2	3	3	3
Cell_0302	3	3	3	2	2	3	3	2	3	2	3	3	2	3	3	3	3	3	2	2	3	3	3	2	3	2	3	2	3	2	3	3	3
Cell_0303	3	3	2	3	3	3	3	3	3	2	3	3	3	2	2	3	2	3	3	2	3	3	3	3	2	3	3	3	3	3	3	3	3
Cell_0304	3	3	2	3	3	3	2	3	2	3	3	3	3	3	3	2	2	3	2	2	3	3	3	2	2	2	3	3	2	3	3	3	2
Cell_0305	3	2	2	3	3	2	2	3	2	3	3	3	3	3	3	3	3	2	3	2	3	2	3	3	3	3	3	3	3	2	3	2	3
Cell_0306	3	3	2	3	3	2	3	3	2	3	3	3	3	3	3	3	3	3	3	2	3	3	2	3	2	3	3	3	3	3	3	3	3
Cell_0307	2	2	3	2	3	2	3	2	3	2	3	3	3	3	3	2	3	2	3	3	2	3	2	3	3	3	2	3	2	2	3	3	2
Cell_0308	3	3	3	2	3	3	3	3	3	3	3	3	2	3	3	2	2	3	3	3	3	3	2	3	3	3	3	2	3	3	3	3	3
Cell_0309	3	3	3	2	2	2	3	3	2	3	2	2	3	2	2	3	3	3	3	3	3	3	3	3	3	3	3	3	2	3	3	3	3
Cell_0310	2	3	3	3	2	3	3	3	2	3	3	3	2	3	3	3	3	2	3	2	3	3	3	3	3	2	3	2	2	2	3	2	3
Cell_0311	2	3	2	3	2	3	3	3	3	3	3	3	3	3	3	3	3	2	3	2	3	2	3	3	3	2	2	3	2	2	3	2	3
Cell_0312	2	2	3	3	3	3	3	3	2	3	2	3	3	2	3	2	3	2	3	2	3	3	3	3	2	3	3	2	2	3	3	3	3
Cell_0313	3	3	2	2	3	2	3	3	2	2	3	3	3	3	2	2	3	3	3	3	3	3	3	3	3	2	3	3	3	3	3	2	2
Cell_0314	3	2	3	3	2	2	3	3	2	3	2	3	3	3	3	3	3	3	3	3	2	3	3	3	2	3	3	3	3	3	2	2	2
Cell_0315	2	3	2	2	2	2	3	2	3	3	3	2	3	2	3	3	3	2	3	2	3	2	3	3	3	3	3	2	3	3	3	3	3
Cell_0316	2	3	2	3	3	2	3	2	2	2	3	3	3	3	3	3	3	2	3	3	3	3	2	2	3	3	3	2	3	3	2	3	3
Cell_0317	3	3	3	3	3	3	3	3	2	3	3	2	2	2	3	3	3	3	3	3	2	3	2	3	3	3	3	2	2	3	2	3	3
Cell_0318	3	2	2	3	3	3	3	3	3	3	2	3	2	3	2	3	3	3	3	2	2	3	3	3	3	3	3	3	3	3	3	3	2
Cell_0319	2	3	3	2	3	2	3	3	3	2	3	3	3	3	3	3	2	3	2	3	3	3	2	3	3	3	3	3	3	3	2	3	3
Cell_0320	2	2	3	2	3	3	3	2	3	2	3	3	3	3	3	2	2	3	2	3	3	2	3	3	2	2	3	2	2	3	3	3	3
Cell_0321	3	3	3	3	3	3	3	2	3	2	2	3	2	3	2	2	3	3	3	2	3	2	3	2	3	2	3	3	3	3	3	3	3
Cell_0322	3	3	3	3	3	3	2	3	2	2	2	3	3	3	3	3	3	3	2	3	2	3	2	3	3	3	2	3	3	3	2	2	3
Cell_0323	2	3	2	3	3	3	3	3	2	3	2	3	2	3	2	3	3	2	3	2	3	3	3	2	2	3	3	3	3	3	2	3	3
Cell_0324	3	2	2	3	3	3	3	3	3	3	2	2	3	3	3	2	2	3	3	3	2	3	3	2	3	3	3	3	3	3	2	3	3
Cell_0325	2	2	3	3	3	3	3	2	2	3	2	3	3	3	3	2	2	3	3	3	3	3	2	2	3	3	2	3	2	3	2	3	3
Cell_0326	2	2	3	3	3	2	3	3	3	3	3	2	2	3	3	3	3	2	3	3	3	3	3	2	3	3	3	3	3	2	3	2	3
Cell_0327	3	3	2	3	3	3	3	3	2	3	3	3	3	3	3	3	3	3	3	3	3	3	3	3	3	3	3	3	3	3	3	3	3
Cell_0328	3	3	2	3	3	3	2	3	2	2	3	3	3	2	3	3	2	3	3	2	3	2	3	2	3	3	2	3	3	3	3	3	3
Cell_0329	3	3	2	3	3	3	3	2	3	3	3	3	3	2	3	2	2	3	3	3	3	3	3	3	2	3	2	3	3	3	2	3	3
Cell_0330	3	2	2	3	3	2	3	3	3	2	3	2	3	3	2	3	2	3	2	3	3	2	2	3	2	3	3	3	3	3	2	3	3
Cell_0331	3	3	3	3	2	2	3	3	3	3	2	2	2	3	2	3	3	2	3	2	3	3	3	2	3	2	3	3	2	3	2	2	3
Cell_0332	3	3	2	3	3	3	2	2	3	3	3	3	3	3	3	2	2	2	2	2	3	3	3	2	3	2	2	3	2	3	3	3	3
Cell_0333	2	3	2	3	3	3	4	3	3	3	3	3	2	2	3	3	3	3	3	3	3	3	2	3	2	3	2	3	3	2	2	3	2
Cell_0334	3	3	3	2	3	3	2	2	3	3	2	2	2	3	3	3	3	3	3	2	3	3	3	3	3	2	2	3	3	3	3	3	3
Cell_0335	2	2	3	3	2	3	2	3	3	3	2	3	3	3	3	3	2	3	3	3	3	3	2	3	3	3	3	3	2	3	2	3	3
Cell_0336	3	2	2	3	3	3	2	2	2	3	3	2	3	3	3	3	3	3	3	2	3	3	2	2	3	3	2	3	3	3	3	3	3
Cell_0337	2	2	2	2	3	2	3	3	3	3	3	3	2	3	3	2	3	3	3	2	3	2	3	3	3	3	3	3	3	3	2	3	3
Cell_0338	3	3	3	3	3	2	3	3	3	3	2	3	2	2	3	3	3	3	3	3	2	3	3	2	3	2	3	3	3	2	2	3	2
Cell_0339	2	2	3	3	3	2	3	2	3	2	3	3	3	2	3	3	3	3	2	3	3	2	3	3	3	3	3	3	3	3	3	2	2
Cell_0340	2	3	2	3	3	3	2	3	2	3	2	3	3	3	3	3	3	3	3	2	2	3	3	2	3	3	3	2	2	3	3	3	3
Cell_0341	3	3	3	3	2	2	3	2	3	3	2	2	3	2	3	3	2	3	3	3	3	2	2	2	2	2	3	2	3	2	3	2	3
Cell_0342	2	3	3	3	3	3	2	3	2	2	2	2	3	2	2	3	3	3	2	2	3	2	2	3	3	2	3	2	3	3	3	3	3
Cell_0343	3	2	3	2	3	3	2	3	3	3	3	2	3	3	3	3	3	3	3	3	3	3	3	3	3	3	2	3	3	3	3	3	3
Cell_0344	2	3	3	3	2	2	3	2	3	3	2	3	2	3	3	2	3	3	3	3	2	2	3	2	2	3	2	2	2	3	2	3	3
Cell_0345	3	3	2	2	3	2	3	2	2	2	2	3	2	2	3	3	3	3	3	3	3	3	3	3	3	3	3	3	3	3	2	3	3
Cell_0346	3	3	2	2	2	2	3	3	3	2	3	2	2	3	3	3	3	2	2	2	3	3	2	3	3	3	3	3	3	2	3	3	2
Cell_0347	3	3	2	3	2	3	3	3	3	3	2	3	3	3	3	3	2	2	3	3	2	3	2	3	3	2	3	3	2	3	2	2	2
Cell_0348	3	3	3	3	2	3	2	2	3	3	3	2	3	2	3	3	3	3	3	3	2	3	3	3	2	3	3	3	3	3	2	3	3
Cell_0349	2	2	3	3	3	3	2	2	3	3	2	2	3	3	3	3	3	2	2	3	2	2	3	2	3	2	3	3	3	2	2	2	2
Cell_0350	2	3	3	2	3	3	3	3	3	3	3	2	3	3	3	2	3	3	2	3	3	3	3	3	3	3	3	3	2	3	3	3	3
Cell_0351	3	3	3	3	3	2	3	3	3	3	3	3	3	3	3	3	2	3	3	3	3	2	2	3	3	2	2	2	2	2	2	2	3
Cell_0352	3	3	2	2	2	2	3	3	3	3	2	2	3	3	3	2	2	3	3	2	3	3	3	3	2	3	2	2	2	3	2	3	3
Cell_0353	3	3	3	2	2	3	3	3	3	3	3	3	3	3	3	3	3	3	3	3	2	3	3	3	3	2	2	3	3	2	3	3	3
Cell_0354	3	3	3	2	2	3	3	3	2	2	3	2	3	3	3	3	2	2	2	3	2	3	2	2	2	3	3	3	3	3	3	2	3
Cell_0355	3	3	3	2	3	3	3	3	3	3	3	3	2	3	3	3	3	3	2	2	3	2	3	2	2	3	3	2	2	2	3	3	3
Cell_0356	3	2	3	3	3	3	3	2	2	2	3	2	3	2	2	3	3	3	3	2	3	3	3	2	3	2	3	3	3	2	3	2	3
Cell_0357	2	2	3	3	2	2	2	3	3	3	2	3	3	2	3	3	2	3	2	3	3	3	3	3	3	3	3	2	3	3	3	3	3
Cell_0358	2	3	3	2	3	3	3	2	2	3	3	3	3	2	2	3	3	2	3	3	3	3	3	3	3	2	3	3	3	3	3	2	2
Cell_0359	3	3	2	2	3	3	3	3	3	3	3	3	3	4	3	3	2	3	2	3	2	3	3	2	2	3	2	3	3	2	2	3	3
Cell_0360	3	2	3	3	3	3	3	3	2	3	3	3	3	3	3	3	2	3	3	3	3	2	2	3	3	3	3	2	2	3	3	3	3
Cell_0361	3	3	2	2	3	2	3	3	3	3	3	2	3	3	3	3	3	3	2	3	3	3	3	3	2	2	2	3	3	3	3	3	3
Cell_0362	3	2	2	2	3	3	2	3	3	3	3	3	3	3	2	2	3	3	3	3	2	2	3	2	3	3	3	3	2	3	2	3	2
Cell_0363	2	3	3	2	3	3	3	2	2	3	2	3	2	3	3	3	3	2	3	3	3	3	3	3	3	2	3	3	2	3	3	3	3
Cell_0364	3	2	2	2	3	3	2	3	3	3	2	3	3	3	3	3	2	3	2	2	3	3	2	3	2	3	3	2	3	3	3	3	3
Cell_0365	3	3	3	3	3	3	3	3	2	3	2	2	3	3	3	2	2	3	2	3	2	3	2	3	3	3	2	2	3	3	3	3	3
Cell_0366	2	3	2	3	2	2	3	3	3	3	2	3	2	3	3	2	3	2	2	2	3	3	2	3	2	3	3	3	3	2	2	3	3
Cell_0367	2	3	3	2	2	2	2	2	3	3	3	3	3	3	2	2	2	3	3	2	3	2	3	3	3	3	3	3	3	3	3	3	3
Cell_0368	2	3	3	2	2	2	3	2	3	3	2	3	3	3	2	3	3	2	3	3	3	3	2	3	3	3	3	2	2	3	3	2	3
Cell_0369	3	3	3	3	3	2	3	3	3	3	3	3	2	3	3	3	3	2	2	3	3	3	3	3	3	2	3	2	2	2	3	3	2
Cell_0370	3	3	3	3	3	3	3	3	2	3	3	3	2	2	3	2	3	3	2	2	2	2	3	2	3	2	3	3	3	2	3	3	2
Cell_0371	3	3	3	2	3	2	3	2	2	3	2	3	3	2	2	3	2	3	2	3	3	3	3	3	2	3	3	2	2	2	2	3	2
Cell_0372	3	3	3	2	3	3	3	3	3	3	3	3	3	2	3	3	3	3	3	3	2	3	3	2	3	2	3	3	2	3	3	3	3
Cell_0373	3	2	3	2	2	2	3	3	3	3	2	2	2	3	3	2	3	3	3	3	3	3	3	3	3	3	3	2	2	3	3	3	3
Cell_0374	3	3	2	3	3	3	3	3	3	3	3	2	2	2	3	3	3	3	3	2	3	3	3	3	3	3	3	3	3	2	2	2	2
Cell_0375	2	3	3	3	2	3	3	3	2	2	2	3	3	3	3	2	3	2	2	3	3	2	3	3	3	2	3	2	3	3	3	2	3
Cell_0376	2	3	3	3	2	3	3	2	2	3	3	2	2	3	3	3	3	3	3	2	3	2	3	3	3	3	3	2	3	3	3	3	3
Cell_0377	3	2	2	3	3	3	2	2	3	3	3	2	3	2	3	2	2	3	3	2	2	3	2	3	3	2	2	3	3	2	3	3	3
Cell_0378	3	3	3	2	3	2	3	3	3	3	3	3	2	2	2	3	3	3	2	2	3	3	3	3	2	3	3	3	2	3	2	3	3
Cell_0379	2	3	3	3	2	3	3	2	3	2	3	3	3	3	3	2	3	3	3	3	3	3	2	3	3	3	2	3	3	3	3	2	3
Cell_0380	3	3	3	3	3	3	2	2	2	3	3	3	3	2	3	3	3	3	3	2	3	2	2	3	3	3	2	3	3	2	3	2	2
Cell_0381	3	3	2	3	3	3	3	3	2	3	3	3	2	2	3	3	3	3	3	2	2	2	2	3	3	2	2	3	3	3	2	2	3
Cell_0382	3	3	3	2	3	3	3	2	3	3	2	2	2	2	3	3	2	3	2	2	3	2	2	3	2	2	3	3	3	3	3	3	3
Cell_0383	3	3	2	2	3	3	3	3	2	3	3	3	2	3	2	2	2	3	2	3	2	3	3	2	2	2	2	3	2	3	3	2	2
Cell_0384	2	2	3	2	2	2	3	2	2	2	3	3	3	3	3	3	3	3	3	3	3	2	3	2	3	2	3	3	2	3	2	3	3
Cell_0385	2	3	3	3	3	3	2	2	2	3	3	2	3	3	3	3	2	2	3	3	3	3	2	3	3	3	3	2	3	3	2	3	3
Cell_0386	3	3	3	3	3	3	3	3	3	2	3	3	2	3	3	2	2	3	2	2	3	3	3	2	3	2	2	3	3	2	3	3	3
Cell_0387	2	3	3	3	2	2	3	3	3	3	3	2	3	3	3	3	2	3	3	3	2	2	3	3	3	2	2	3	3	2	3	3	3
Cell_0388	3	3	2	3	3	2	2	3	3	3	3	3	3	3	2	2	3	3	3	3	3	2	3	3	3	3	3	3	3	3	3	3	2
Cell_0389	3	3	3	3	3	2	3	3	3	3	2	3	3	3	3	2	3	3	2	2	3	2	2	3	3	3	3	3	3	3	2	2	3
Cell_0390	3	2	3	3	3	3	3	2	3	3	3	3	3	3	3	3	3	3	3	3	3	3	3	2	2	3	3	3	3	2	3	3	3
Cell_0391	3	3	3	3	3	2	3	3	3	3	2	2	3	3	3	3	3	3	3	3	3	3	2	2	2	2	3	3	2	3	2	3	3
Cell_0392	3	3	3	3	3	3	2	2	2	2	3	3	3	3	2	3	3	3	2	3	3	2	3	3	3	3	3	2	3	2	3	3	3
Cell_0393	3	3	3	3	3	3	2	2	3	3	2	3	3	3	3	3	3	3	3	3	2	2	2	3	2	3	2	2	3	2	2	3	3
Cell_0394	2	3	2	3	2	3	2	3	2	3	3	3	2	2	3	3	3	3	3	2	2	3	3	2	3	2	3	3	3	3	3	3	3
Cell_0395	3	3	3	3	3	3	3	2	3	3	3	3	3	3	2	3	3	3	3	2	3	3	3	3	3	3	3	3	3	3	2	2	2
Cell_0396	3	3	3	3	3	2	3	3	3	2	3	3	3	3	3	3	3	2	3	3	3	3	3	2	3	2	3	2	3	3	3	3	2
Cell_0397	3	2	3	2	3	2	3	3	3	2	3	2	3	3	3	2	3	3	3	3	3	3	2	3	3	2	2	2	3	2	3	3	3
Cell_0398	2	3	3	3	2	3	2	2	3	3	3	3	3	3	3	3	2	2	2	3	3	2	3	2	3	3	3	2	3	3	3	2	3
Cell_0399	3	2	2	3	3	2	3	3	3	2	3	2	3	2	3	3	3	3	3	2	3	3	3	2	2	3	3	2	3	3	2	3	3
Cell_0400	3	3	2	2	2	2	3	3	2	3	3	3	2	3	3	3	2	3	3	3	3	3	2	2	3	3	3	3	2	3	2	3	3
Cell_0401	2	2	3	3	3	3	3	3	3	2	3	3	2	2	2	2	3	2	2	3	3	3	3	2	3	3	2	3	3	2	2	3	3
Cell_0402	3	3	3	2	2	3	3	2	3	2	3	3	3	3	2	3	2	3	2	3	3	2	2	2	3	3	2	3	3	3	3	3	3
Cell_0403	2	3	2	3	3	3	2	3	3	3	3	2	3	3	2	3	3	3	3	3	3	3	3	3	2	3	3	3	3	3	3	3	3
Cell_0404	3	2	3	3	3	3	2	3	3	2	2	3	3	3	3	3	2	3	3	3	2	2	3	2	3	3	3	3	2	2	3	3	3
Cell_0405	2	3	3	2	3	2	3	3	3	3	3	2	3	3	3	3	3	3	3	2	2	2	3	3	3	3	3	3	2	2	3	3	2
Cell_0406	2	3	2	3	2	2	3	3	3	2	3	3	3	3	2	3	2	3	3	3	3	3	3	3	2	3	3	3	3	3	3	3	3
Cell_0407	3	3	3	3	3	3	2	2	2	3	3	3	3	2	3	2	2	3	3	2	2	2	3	3	2	3	2	3	3	3	3	3	3
Cell_0408	3	3	2	2	3	3	3	2	2	3	3	2	2	3	3	3	3	3	2	3	2	3	3	3	2	3	3	2	3	3	2	3	2
Cell_0409	3	3	3	2	3	2	3	3	2	3	2	2	3	3	3	3	2	2	3	3	2	3	3	3	3	2	3	3	3	3	3	2	3
Cell_0410	2	3	3	3	3	2	3	3	3	2	3	3	3	3	3	2	3	3	3	3	3	3	2	3	3	3	3	2	2	3	3	3	2
Cell_0411	3	2	3	2	2	2	2	2	3	3	2	3	3	3	3	2	3	3	2	3	3	3	2	2	3	3	3	3	3	3	3	3	3
Cell_0412	2	3	3	2	3	3	3	3	3	3	3	3	3	3	3	3	3	2	2	3	3	2	2	3	3	3	3	3	2	2	3	3	2
Cell_0413	2	3	3	3	2	3	3	3	3	3	3	2	3	3	3	3	3	2	2	3	2	3	3	3	2	3	2	3	2	3	3	3	3
Cell_0414	2	3	2	3	2	2	3	3	3	3	2	3	3	3	2	3	2	3	2	3	2	3	3	2	2	3	3	3	3	2	2	3	3
Cell_0415	2	3	3	2	3	3	3	3	3	3	3	2	3	2	3	3	3	3	3	2	3	2	2	3	3	3	3	3	2	2	3	3	2
Cell_0416	2	3	3	3	3	3	3	2	3	3	2	2	2	3	3	2	2	2	3	3	3	3	2	3	3	3	2	2	2	2	3	2	3
Cell_0417	3	2	3	3	2	3	3	3	2	3	2	3	3	3	2	3	3	3	2	3	3	3	3	3	3	3	2	2	2	3	3	3	3
Cell_0418	3	2	3	2	3	2	3	3	3	3	3	2	3	3	3	2	3	2	2	3	3	3	3	2	2	2	3	3	2	3	3	2	3
Cell_0419	3	2	2	3	3	3	2	3	2	3	3	3	2	3	2	3	3	2	2	3	3	3	2	2	2	3	3	2	3	2	3	2	3
Cell_0420	3	3	3	3	3	3	3	2	3	3	2	3	3	3	2	3	3	3	3	2	3	2	2	2	2	3	3	2	3	3	2	3	2
Cell_0421	2	2	3	2	3	3	2	3	2	3	3	3	3	3	2	2	2	2	3	3	3	2	3	3	2	2	3	2	3	3	2	2	3
Cell_0422	3	3	3	3	2	3	3	2	2	3	2	3	3	3	2	3	3	3	3	2	3	2	2	2	3	3	3	2	3	3	2	2	3
Cell_0423	3	2	2	3	3	2	3	3	2	3	3	3	3	2	3	3	2	3	2	3	2	3	2	3	2	2	2	2	2	3	3	3	2
Cell_0424	3	3	3	3	3	3	3	3	3	3	3	2	3	3	3	3	3	3	2	3	3	3	3	2	3	3	3	2	2	3	3	3	2
Cell_0425	2	3	2	3	2	2	3	3	2	2	3	2	3	2	2	3	3	3	3	3	2	3	3	3	3	3	2	3	2	3	3	3	3
Cell_0426	3	2	3	3	3	3	2	3	2	3	3	3	3	3	3	3	3	3	2	3	3	2	3	3	3	2	2	3	3	3	3	3	3
Cell_0427	3	3	2	2	3	3	3	3	3	2	3	3	3	2	3	3	3	3	3	3	2	3	3	3	3	3	2	3	2	2	2	2	3
Cell_0428	3	3	2	3	3	3	2	3	3	2	3	3	3	3	3	3	3	3	3	3	3	3	3	3	3	2	3	3	3	3	3	3	3
Cell_0429	3	3	3	2	3	2	3	2	2	3	2	2	3	3	2	3	3	2	3	2	3	3	3	3	3	3	3	2	2	3	3	3	2
Cell_0430	3	2	3	3	2	3	3	3	3	3	3	3	3	3	3	3	3	3	2	3	2	3	2	2	3	3	3	2	2	2	3	3	3
Cell_0431	2	3	3	2	3	3	3	3	3	3	3	2	2	2	3	3	3	3	3	3	3	2	3	2	2	3	2	3	3	2	3	2	2
Cell_0432	3	2	3	3	3	3	3	3	3	3	3	3	3	3	2	3	3	3	2	3	3	2	2	2	3	3	2	3	3	3	2	3	3
Cell_0433	3	3	2	2	2	3	3	3	2	3	3	2	3	3	2	3	3	3	2	3	2	3	3	3	2	3	3	3	3	2	3	2	3
Cell_0434	3	3	3	2	2	3	2	3	3	3	3	3	3	3	2	3	3	3	3	3	3	2	3	3	2	3	2	3	3	3	3	3	3
Cell_0435	3	3	2	3	2	2	3	2	3	2	2	2	3	3	3	2	3	2	3	2	3	3	3	3	2	2	2	3	2	3	2	3	3
Cell_0436	3	3	3	2	3	3	3	2	3	3	3	2	3	3	3	3	3	3	2	3	3	2	3	3	3	3	3	3	3	3	2	3	3
Cell_0437	3	2	3	3	2	3	3	2	3	3	3	2	3	2	2	3	3	2	3	2	2	3	2	3	3	3	3	2	2	3	2	2	3
Cell_0438	3	3	3	3	2	2	2	3	3	2	3	2	3	3	2	3	3	2	3	2	3	2	3	3	3	3	2	3	2	3	2	2	3
Cell_0439	2	2	3	2	3	3	3	3	3	3	2	3	3	3	3	3	2	3	2	3	3	3	3	3	3	3	3	3	3	3	3	3	2
Cell_0440	2	2	2	2	2	3	3	3	3	3	3	3	3	2	3	2	3	2	3	3	2	3	3	3	3	2	3	2	3	3	3	3	3
Cell_0441	3	3	2	2	3	3	2	2	3	2	3	3	3	3	2	3	2	3	2	3	3	3	3	2	3	2	3	3	2	2	2	3	3
Cell_0442	3	3	3	3	3	2	3	3	3	3	3	3	3	3	2	3	2	3	2	2	3	2	2	2	2	2	3	3	3	3	3	2	3
Cell_0443	3	3	3	3	3	2	3	3	3	3	2	2	2	3	2	3	3	2	2	3	3	3	3	3	3	3	2	3	3	2	3	2	2
Cell_0444	2	3	3	2	3	3	3	3	2	2	3	3	3	3	2	3	3	2	3	3	2	2	2	3	2	3	3	2	3	2	3	2	3
Cell_0445	3	3	3	2	3	3	3	2	3	3	3	3	2	3	2	2	2	3	2	3	2	3	3	3	2	2	3	2	2	3	2	2	3
Cell_0446	3	3	3	3	3	3	2	3	3	2	2	4	2	3	3	3	3	3	2	3	3	3	2	3	2	3	3	3	2	3	3	2	3
Cell_0447	3	3	2	3	3	2	2	3	2	3	3	2	2	3	3	3	2	3	3	2	2	3	3	3	3	3	3	3	3	3	2	3	3
Cell_0448	3	3	3	2	2	3	3	2	3	3	3	3	3	3	3	3	3	3	2	3	2	2	3	2	2	3	3	3	2	3	2	3	2
Cell_0449	2	3	2	2	2	3	2	3	2	3	3	3	3	3	3	2	3	3	3	3	3	2	3	3	3	2	2	3	2	2	3	3	3
Cell_0450	2	2	2	3	3	3	2	3	3	3	3	3	2	3	3	2	3	3	2	2	3	3	3	2	3	3	2	2	3	3	3	3	3
Cell_0451	3	3	2	3	3	2	3	2	3	3	3	3	3	3	3	2	3	2	3	3	3	3	3	3	3	2	3	3	3	3	3	3	2
Cell_0452	2	2	3	3	3	3	3	3	2	3	3	3	2	2	3	2	3	3	3	2	3	3	2	3	2	3	2	3	2	3	3	2	3
Cell_0453	3	3	3	3	2	3	3	2	3	3	3	3	3	3	2	2	3	2	3	2	3	3	3	2	3	3	3	3	3	3	2	2	3
Cell_0454	2	2	3	3	2	3	2	2	2	3	3	3	2	3	3	2	3	3	3	3	3	3	3	3	3	3	2	2	2	2	3	3	3
Cell_0455	2	2	3	2	2	3	3	3	2	3	2	3	3	3	2	3	3	3	3	3	2	2	3	3	3	3	2	3	2	3	3	3	2
Cell_0456	3	2	3	2	3	3	3	3	2	3	2	2	2	2	3	3	3	3	3	2	3	3	2	2	3	2	2	3	2	2	3	3	3
Cell_0457	2	2	3	2	3	3	3	3	3	3	3	3	2	3	3	2	3	3	3	3	3	3	2	2	3	3	3	3	3	3	2	3	2
Cell_0458	3	2	2	3	3	2	3	3	2	2	2	3	3	2	3	3	2	3	3	2	3	3	2	3	3	3	2	3	3	3	2	3	2
Cell_0459	2	3	2	2	3	3	3	3	2	3	2	3	2	2	3	3	3	2	3	3	3	3	3	2	3	2	3	2	3	3	2	2	3
Cell_0460	2	3	3	2	3	3	2	3	2	3	3	3	3	3	2	2	3	3	2	3	2	2	3	3	3	3	3	3	3	3	2	3	3
Cell_0461	3	2	3	3	3	3	3	3	2	3	2	3	3	3	2	3	3	2	3	3	2	2	3	2	3	3	2	3	3	2	3	3	3
Cell_0462	3	2	3	3	2	3	3	3	2	3	3	2	2	3	2	3	3	3	3	3	3	3	2	3	3	2	3	3	3	3	2	3	2
Cell_0463	3	3	3	2	3	3	3	3	2	2	3	3	3	3	2	2	3	3	2	3	3	2	3	2	3	3	3	2	3	3	3	3	3
Cell_0464	3	3	2	2	2	3	3	3	3	3	2	3	3	2	3	3	2	2	2	3	3	2	3	3	3	3	3	3	2	2	2	3	3
Cell_0465	2	2	2	3	3	3	3	3	3	3	3	3	2	2	3	3	3	3	3	3	3	3	3	3	3	3	3	3	3	2	3	3	3
Cell_0466	2	3	3	3	2	3	2	2	3	3	2	2	3	3	3	3	3	3	3	3	3	3	2	3	3	3	3	3	3	2	3	3	3
Cell_0467	2	2	3	3	3	2	3	3	3	3	3	2	3	3	3	3	2	2	2	3	3	3	3	3	3	3	3	3	3	3	3	3	3
Cell_0468	2	3	3	3	3	3	2	3	3	3	3	3	2	3	3	3	3	3	3	2	3	3	3	2	2	2	2	2	2	3	3	3	3
Cell_0469	3	3	3	3	3	3	3	3	2	3	3	3	3	2	3	3	2	3	3	2	3	2	3	3	3	3	2	3	3	3	2	3	3
Cell_0470	3	3	3	3	3	3	3	3	3	2	3	3	2	2	2	3	3	3	3	2	3	3	3	3	3	3	3	3	2	3	3	3	3
Cell_0471	2	3	2	2	3	3	3	3	3	3	3	3	2	3	3	3	3	2	3	3	3	3	3	3	3	3	2	3	2	3	3	3	3
Cell_0472	2	2	2	3	2	3	2	3	3	3	2	3	2	2	2	2	3	3	3	2	2	3	2	3	2	3	3	2	2	3	3	2	3
Cell_0473	3	3	3	2	3	3	2	2	3	2	3	2	3	3	3	2	3	2	2	3	2	3	3	3	3	3	2	2	2	3	2	3	3
Cell_0474	2	3	3	3	2	2	3	3	3	3	3	2	3	3	3	3	3	3	3	2	3	3	3	3	2	2	3	2	3	2	2	3	3
Cell_0475	3	3	3	2	2	3	3	3	3	2	2	2	3	2	3	3	2	3	3	2	3	3	3	2	2	2	2	3	2	3	2	3	3
Cell_0476	3	3	2	2	3	3	3	2	3	3	2	3	3	2	3	3	3	3	2	2	3	3	2	3	2	3	3	3	3	2	3	3	2
Cell_0477	2	3	3	3	3	3	3	2	2	3	3	2	3	3	2	3	3	3	2	3	3	3	3	3	3	2	2	3	3	3	2	3	3
Cell_0478	2	2	3	3	3	3	3	2	3	3	3	3	3	3	2	3	3	3	3	3	3	3	3	3	3	3	2	3	3	3	3	2	2
Cell_0479	3	3	3	3	3	3	2	2	3	3	3	3	2	2	3	3	3	2	3	3	3	3	2	3	3	3	2	3	3	3	3	3	2
Cell_0480	3	3	3	3	2	2	2	3	2	2	3	3	3	3	3	3	3	2	3	3	2	3	3	3	2	3	2	2	3	3	3	3	2
Cell_0481	3	3	2	2	3	3	3	3	3	3	2	2	3	3	2	3	3	3	3	3	3	3	3	2	3	3	3	2	2	3	3	3	3
Cell_0482	3	3	3	2	3	3	3	2	3	2	3	3	3	3	3	2	2	3	3	3	3	2	2	2	3	2	2	3	3	3	3	3	3
Cell_0483	2	3	2	3	3	3	3	2	2	2	3	3	3	2	2	3	2	3	3	2	3	3	3	3	3	3	3	3	2	3	3	2	3
Cell_0484	2	3	2	2	3	2	3	2	3	2	2	3	3	3	3	3	3	2	3	3	2	2	2	2	3	3	3	3	3	2	3	2	2
Cell_0485	3	3	3	2	3	3	2	3	3	2	3	3	3	3	2	3	3	2	2	3	3	3	3	3	2	3	3	3	3	2	2	3	2
Cell_0486	3	2	3	2	3	2	3	2	3	3	3	3	3	3	2	2	3	3	3	3	3	3	3	2	3	3	3	3	3	3	3	2	3
Cell_0487	3	3	3	3	2	2	3	3	3	3	2	3	3	2	3	3	3	3	3	2	3	3	2	2	2	2	2	3	2	2	3	3	3
Cell_0488	2	3	3	3	3	3	3	3	3	3	3	2	3	3	3	2	2	3	2	3	3	3	3	3	3	3	3	2	3	3	3	3	2
Cell_0489	3	2	2	3	2	3	2	3	3	2	3	2	3	3	3	3	3	3	2	3	3	3	3	3	3	3	3	2	2	3	2	2	2
Cell_0490	3	3	3	2	2	2	3	3	2	3	2	3	2	2	3	2	3	2	3	3	2	2	3	3	2	3	2	3	3	3	3	3	3
Cell_0491	3	3	3	3	2	3	3	3	3	2	2	2	3	2	3	3	3	2	3	3	3	3	3	3	3	3	3	2	3	3	3	3	3
Cell_0492	2	3	3	2	3	3	3	3	2	3	2	3	3	3	3	3	3	3	2	3	3	2	3	2	2	2	2	3	2	3	3	3	3
Cell_0493	2	2	3	3	3	3	3	3	3	3	3	3	2	3	3	3	3	3	2	3	3	3	2	3	3	2	3	3	3	3	3	2	3
Cell_0494	3	3	3	3	3	3	3	2	3	2	3	3	2	3	2	2	3	2	3	2	2	3	2	3	3	3	3	2	3	2	3	2	2
Cell_0495	3	3	2	2	2	2	2	3	3	3	2	2	3	3	3	3	3	3	2	3	2	3	3	2	3	3	2	3	2	3	2	3	3
Cell_0496	2	2	2	3	3	2	3	2	3	3	3	2	3	3	3	3	3	3	2	3	3	2	3	3	3	2	2	2	3	3	2	2	3
Cell_0497	3	2	3	3	3	3	3	3	2	2	2	3	3	3	3	3	3	3	3	3	3	2	3	2	3	2	3	2	2	3	2	3	3
Cell_0498	3	3	3	2	3	3	3	3	3	3	3	2	2	2	2	3	2	2	3	2	3	3	3	3	3	3	3	2	3	3	3	3	3
Cell_0499	3	3	3	3	3	2	2	2	2	3	3	3	2	3	3	2	3	3	3	3	3	2	3	2	3	3	3	3	3	3	3	3	3
Cell_0500	2	3	3	2	3	3	2	3	3	3	3	3	2	3	3	2	3	3	3	3	3	3	2	2	3	3	3	3	3	3	2	3	3
Cell_0501	3	3	3	2	3	3	3	3	3	2	3	3	3	3	3	3	3	2	3	3	3	3	2	3	3	3	2	3	2	3	3	2	3
Cell_0502	3	2	3	3	2	3	2	3	3	2	3	2	3	3	3	3	3	2	3	3	3	2	3	3	3	2	3	3	3	2	2	3	3
Cell_0503	3	3	3	3	3	2	2	2	2	3	3	3	3	3	2	2	3	3	3	2	3	2	2	3	3	3	3	2	2	3	3	3	3
Cell_0504	2	2	3	2	3	2	3	3	3	3	3	2	3	3	3	3	3	3	3	3	3	3	2	2	3	3	3	2	2	3	3	2	2
Cell_0505	3	3	3	3	3	2	3	3	3	2	3	3	3	3	3	3	3	3	3	2	2	2	3	2	3	3	2	3	3	2	3	3	3
Cell_0506	3	2	3	2	2	2	3	2	3	2	3	3	3	3	3	2	3	3	3	3	2	3	3	3	3	2	2	3	3	3	3	2	3
Cell_0507	3	3	3	2	2	3	3	3	3	2	3	3	2	2	3	3	3	2	3	3	2	2	3	3	3	2	3	3	2	2	3	2	3
Cell_0508	3	3	2	3	3	3	3	3	2	2	2	3	3	3	3	3	3	3	2	2	2	3	3	3	3	2	3	3	2	3	3	3	2
Cell_0509	3	3	3	3	3	3	3	3	3	3	2	3	3	3	2	3	3	3	3	2	2	3	3	2	3	3	2	3	3	3	2	3	3
Cell_0510	2	2	3	3	3	3	2	3	3	3	3	2	3	3	3	2	2	2	2	2	2	2	2	3	2	3	2	3	3	3	3	3	3
Cell_0511	3	3	3	3	3	3	2	3	3	2	2	3	3	3	3	3	3	2	3	3	3	3	2	2	3	3	2	3	3	3	3	2	3
Cell_0512	3	2	3	2	3	2	3	3	3	3	3	3	3	3	3	2	3	3	3	3	3	3	2	3	3	3	3	3	3	3	3	3	3
Cell_0513	3	3	3	3	3	3	3	2	3	3	3	2	3	3	3	3	2	3	2	2	3	2	3	3	3	2	2	3	2	2	2	2	3
Cell_0514	2	3	2	3	3	3	2	3	3	2	3	3	3	3	2	2	2	3	3	2	3	3	3	3	3	3	2	3	2	3	3	3	3
Cell_0515	3	3	3	3	3	3	3	2	3	2	3	3	3	3	3	3	3	2	3	3	3	3	2	3	3	3	3	2	3	3	3	3	2
Cell_0516	2	2	3	3	3	3	3	3	3	3	3	2	4	3	3	2	3	2	3	3	3	3	3	2	3	3	3	3	2	3	3	3	3
Cell_0517	3	2	3	2	3	3	3	3	2	2	3	2	3	3	3	3	3	3	3	3	3	3	3	3	3	3	3	3	2	3	3	3	2
Cell_0518	3	2	3	3	2	2	3	2	3	3	3	3	3	3	3	3	3	2	3	3	3	2	3	2	2	2	2	3	3	2	3	3	3
Cell_0519	3	2	3	2	2	3	3	3	3	3	3	2	3	3	2	3	3	3	3	3	2	3	3	2	3	3	3	3	3	2	3	2	3
Cell_0520	3	2	2	3	2	3	3	2	3	3	3	2	3	3	2	3	3	3	2	3	3	3	3	3	3	2	3	3	3	3	2	2	2
Cell_0521	2	3	2	2	3	3	3	2	2	3	3	2	3	3	2	3	2	2	3	3	3	3	3	3	2	2	3	3	3	2	2	3	3
Cell_0522	3	3	3	3	3	3	3	3	3	3	3	2	3	3	3	3	3	3	2	2	2	3	3	2	3	3	3	2	3	2	3	2	3
Cell_0523	3	3	3	3	3	2	3	3	3	3	3	3	3	3	3	3	3	3	3	3	3	2	2	3	2	2	3	3	3	2	3	3	3
Cell_0524	3	3	2	3	3	3	2	3	2	3	2	3	3	4	3	3	3	2	2	3	2	2	3	3	3	2	2	3	3	2	3	3	3
Cell_0525	3	3	2	3	3	2	3	2	2	3	3	2	3	3	3	3	3	3	2	3	3	2	2	3	2	3	3	2	3	2	3	3	2
Cell_0526	3	3	3	3	3	2	2	2	3	3	3	3	3	3	2	2	3	3	3	3	2	2	2	3	3	3	2	3	2	2	3	2	3
Cell_0527	2	3	3	3	3	3	2	2	2	3	2	3	3	3	2	2	2	3	3	2	3	3	3	3	2	3	3	3	3	3	3	3	2
Cell_0528	3	3	3	3	3	3	2	3	3	2	3	3	3	3	3	3	3	3	3	3	3	2	2	3	3	3	3	2	3	3	3	3	3
Cell_0529	3	3	3	3	2	3	2	2	2	3	3	2	3	3	3	2	2	3	3	3	3	2	2	3	3	2	3	3	3	3	3	3	2
Cell_0530	3	2	3	3	2	2	3	3	2	3	3	3	3	3	2	3	2	3	2	3	3	3	3	3	3	2	3	3	3	3	3	3	3
Cell_0531	3	2	3	3	3	3	2	3	2	3	3	3	3	2	3	3	3	3	3	2	3	2	3	2	3	2	2	2	3	3	3	3	2
Cell_0532	3	3	2	3	3	2	3	2	3	3	2	3	3	3	2	3	3	2	3	3	3	3	3	2	2	3	3	3	3	2	2	3	2
Cell_0533	3	2	3	3	3	3	3	3	3	2	3	3	3	3	3	2	2	3	2	3	3	3	3	2	3	2	2	3	2	2	3	3	3
Cell_0534	3	2	2	3	3	2	3	3	3	2	3	3	4	3	3	3	2	3	2	3	3	3	3	3	3	2	3	2	3	3	2	3	3
Cell_0535	3	3	3	3	3	3	3	3	3	3	3	3	3	3	3	3	3	3	3	3	2	3	2	2	2	3	3	3	3	2	3	3	2
Cell_0536	3	3	3	3	3	3	2	3	3	3	2	3	3	3	3	2	3	3	3	3	3	2	2	3	2	2	3	2	2	3	2	3	3
Cell_0537	3	3	2	3	2	2	3	3	3	2	2	2	3	3	2	3	3	3	3	2	3	3	3	2	3	2	3	3	3	2	3	3	3
Cell_0538	3	3	3	3	3	3	3	3	3	3	3	3	3	3	3	3	3	3	3	2	3	2	3	2	3	3	2	3	3	2	2	3	3
Cell_0539	3	3	3	3	2	3	3	3	3	3	3	3	3	3	2	3	3	3	3	3	3	2	3	3	3	3	3	2	3	3	3	3	3
Cell_0540	3	3	3	3	3	2	3	2	3	3	3	3	3	3	3	3	2	3	2	3	3	2	3	3	3	3	2	3	3	3	3	2	3
Cell_0541	2	3	3	3	3	2	3	3	3	3	3	3	3	3	3	3	3	2	3	2	3	3	3	3	3	3	3	3	2	2	3	3	3
Cell_0542	3	3	2	3	3	3	3	2	3	2	3	3	3	3	3	2	2	3	3	3	3	3	3	3	3	2	3	2	2	3	3	2	3
Cell_0543	3	3	3	2	3	3	2	2	3	2	2	2	3	2	2	2	2	3	3	3	2	3	3	3	3	2	3	3	2	3	3	3	2
Cell_0544	3	3	3	3	3	2	3	3	2	3	3	3	3	3	2	3	3	3	3	2	3	3	3	2	2	3	3	3	3	2	3	3	2
Cell_0545	3	3	3	3	3	2	3	3	2	2	2	3	3	3	2	2	3	2	3	3	2	3	3	3	3	2	3	2	3	2	2	3	3
Cell_0546	3	3	3	3	3	3	3	3	2	2	3	2	3	3	2	2	3	3	3	3	2	3	3	3	3	3	3	3	3	3	2	3	3
Cell_0547	3	3	3	3	3	2	3	2	3	3	2	3	3	3	3	3	2	2	2	3	3	3	3	3	3	3	3	2	3	2	3	2	3
Cell_0548	3	3	3	3	2	3	3	3	3	3	3	2	3	3	3	2	3	3	3	3	3	2	3	3	3	3	2	3	2	3	3	3	3
Cell_0549	3	3	3	3	2	2	3	3	3	3	3	3	3	3	3	2	3	3	2	3	3	3	2	2	2	3	3	3	2	3	3	3	2
Cell_0550	2	3	2	3	3	2	3	3	3	2	2	3	3	3	3	2	3	3	2	3	2	3	3	3	3	3	3	2	3	2	3	2	3
Cell_0551	3	3	3	3	3	3	3	2	2	2	3	3	3	3	3	2	2	2	3	2	2	2	3	2	3	3	3	2	2	2	3	3	3
Cell_0552	3	3	2	3	3	3	3	2	3	3	2	3	3	3	2	2	3	2	3	3	3	3	3	3	3	3	2	3	3	3	3	2	2
Cell_0553	3	3	3	3	3	3	2	2	2	3	3	2	3	3	3	3	3	3	3	3	2	2	3	2	2	3	3	2	2	2	3	3	3
Cell_0554	3	3	3	3	3	2	3	3	2	2	3	2	3	3	2	3	2	3	3	3	3	3	3	3	3	3	3	3	2	3	3	2	3
Cell_0555	3	3	3	3	3	3	3	3	3	3	2	2	3	3	3	3	3	3	3	3	3	3	3	3	3	3	2	3	3	2	2	3	3
Cell_0556	3	3	3	3	2	3	2	2	3	2	2	3	3	3	3	3	2	2	2	3	2	3	3	3	2	3	2	3	3	2	3	2	2
Cell_0557	3	2	2	3	2	3	2	3	2	3	2	2	3	3	3	3	2	3	2	2	2	2	3	3	2	3	3	3	3	2	3	3	2
Cell_0558	3	3	3	3	3	3	3	3	2	3	3	3	3	3	2	3	3	3	2	2	3	3	2	2	2	2	3	3	3	3	3	3	3
Cell_0559	3	3	3	3	2	2	3	3	3	3	3	3	3	3	3	3	2	3	2	3	3	2	3	3	3	3	2	3	3	2	3	3	3
Cell_0560	3	3	3	2	3	3	3	3	3	2	3	2	3	3	3	2	3	3	2	2	3	3	2	2	3	3	3	2	2	3	3	2	3
Cell_0561	3	3	3	3	3	3	3	2	2	2	3	3	3	3	3	2	2	2	3	3	3	3	2	3	3	3	3	2	3	3	3	2	3
Cell_0562	3	3	3	3	3	2	3	3	3	3	2	3	3	3	3	3	3	3	3	3	3	3	3	3	2	2	3	3	2	3	3	2	3
Cell_0563	3	3	3	3	2	3	3	2	3	3	2	3	3	3	2	3	3	3	3	3	3	3	3	2	3	3	2	3	2	2	2	3	3
Cell_0564	3	3	3	3	3	2	2	3	3	3	2	3	3	3	2	3	3	3	3	3	3	3	3	3	2	3	3	2	3	2	2	3	3
Cell_0565	3	2	2	3	3	3	3	3	3	3	2	2	3	3	3	3	3	3	2	3	3	3	3	3	3	3	3	2	2	3	3	2	3
Cell_0566	3	2	3	2	3	3	3	3	2	3	2	2	3	3	2	3	3	3	2	3	3	3	3	3	3	3	3	3	3	2	3	3	3
Cell_0567	2	3	3	3	3	2	3	3	3	2	2	3	3	2	3	2	3	2	3	3	2	2	2	3	3	2	3	2	3	3	3	3	3
Cell_0568	3	3	3	3	2	3	2	3	3	2	3	3	3	3	3	3	2	2	2	3	3	3	3	3	2	2	2	3	2	2	3	3	3
Cell_0569	3	2	2	3	3	3	3	2	3	3	3	3	3	3	3	2	2	3	3	3	3	3	2	3	3	3	3	2	3	3	3	3	2
Cell_0570	3	3	3	3	3	2	3	2	3	3	3	2	3	3	2	3	3	2	2	3	3	2	3	3	2	2	2	3	3	2	3	3	3
Cell_0571	3	3	3	3	3	3	3	3	2	3	3	3	3	3	3	3	3	3	2	3	2	2	3	3	3	3	3	3	2	3	3	3	3
Cell_0572	2	2	3	3	2	3	2	3	3	3	3	3	3	3	3	3	3	2	3	3	3	3	3	3	3	3	3	2	2	2	3	2	3
Cell_0573	3	3	3	3	2	2	2	2	3	3	3	3	3	3	3	2	3	3	2	3	3	2	3	3	3	3	3	2	3	3	3	3	3
Cell_0574	3	2	3	3	2	2	3	3	3	2	2	3	3	3	3	3	2	2	3	3	2	3	3	3	2	3	2	3	3	3	3	3	2
Cell_0575	3	3	3	3	2	3	3	2	3	3	3	2	3	3	2	2	2	3	2	2	3	2	3	3	3	2	3	3	3	3	3	3	3
Cell_0576	3	3	3	2	3	2	3	3	3	2	2	3	3	3	2	3	3	2	2	2	3	3	3	3	3	3	3	2	3	3	3	3	3
Cell_0577	3	3	3	3	3	3	3	2	3	2	2	3	3	3	2	2	3	2	3	3	3	2	3	3	3	2	3	3	2	3	2	2	3
Cell_0578	2	3	3	3	2	3	2	3	3	2	3	3	3	3	3	3	2	3	2	3	3	2	3	3	3	3	2	3	2	3	2	3	3
Cell_0579	3	3	3	2	3	3	2	2	3	2	3	2	3	3	3	2	2	3	3	2	3	3	3	2	3	3	3	3	3	3	3	2	3
Cell_0580	3	3	3	3	3	2	3	3	3	3	3	3	3	3	2	3	2	3	3	3	3	3	2	3	3	2	2	3	3	3	3	2	3
Cell_0581	3	3	3	3	2	3	3	3	2	2	3	3	3	2	2	2	3	3	2	3	3	3	3	3	3	2	3	2	3	2	3	3	3
Cell_0582	3	3	3	3	2	3	2	2	3	2	2	3	3	3	3	3	3	3	3	3	3	3	3	3	2	2	3	2	3	2	2	3	2
Cell_0583	3	3	3	3	3	3	2	3	3	2	3	3	3	3	2	3	3	3	3	3	2	2	2	3	3	3	3	3	3	3	2	2	2
Cell_0584	3	3	3	2	2	3	3	3	2	2	2	2	4	3	2	3	2	3	3	3	3	2	2	2	3	2	3	3	3	2	3	3	3
Cell_0585	2	2	3	3	2	2	3	2	3	2	3	3	3	3	3	3	2	2	3	3	2	2	3	2	3	2	3	2	3	3	3	3	3
Cell_0586	2	3	3	2	2	2	2	2	2	3	3	2	3	3	3	3	3	2	2	3	3	3	2	3	3	3	3	3	2	2	2	3	3
Cell_0587	3	2	3	2	3	2	3	3	3	3	3	3	3	2	3	3	3	3	2	3	3	3	3	2	3	2	3	3	2	3	3	2	2
Cell_0588	2	3	3	3	3	3	3	3	2	3	2	3	3	2	3	2	2	3	2	2	3	3	3	3	3	3	2	3	2	3	3	2	3
Cell_0589	3	3	2	3	2	2	2	3	3	3	3	3	3	3	3	3	2	3	3	3	2	3	3	3	3	3	3	3	2	2	2	3	2
Cell_0590	3	3	3	3	3	2	2	3	3	3	2	3	2	3	3	2	2	3	3	2	3	3	3	3	3	2	3	2	3	3	3	3	3
Cell_0591	2	3	3	3	3	3	3	3	3	3	3	3	3	3	3	3	3	2	3	2	2	3	3	2	3	3	3	2	3	2	3	3	3
Cell_0592	3	3	3	2	2	2	3	3	3	3	3	3	3	3	3	3	2	3	3	3	3	3	3	3	3	2	3	2	2	3	3	3	2
Cell_0593	3	2	3	3	3	3	3	3	3	3	2	3	3	3	3	2	3	3	3	3	3	2	3	2	3	2	3	3	3	3	3	3	3
Cell_0594	3	2	3	3	3	3	3	3	3	3	3	3	3	3	3	3	2	2	3	3	3	2	3	2	2	2	3	2	3	2	3	2	3
Cell_0595	3	3	3	2	2	2	3	2	2	3	3	3	2	3	3	3	2	2	3	3	3	3	3	3	3	3	3	3	3	3	3	3	2
Cell_0596	3	3	3	3	3	3	2	3	2	3	2	3	3	3	2	2	2	3	3	2	2	3	3	3	3	2	3	3	3	2	3	3	3
Cell_0597	2	3	3	3	3	2	3	2	2	2	2	3	3	3	2	3	3	2	3	3	3	3	3	3	3	3	3	2	3	3	2	2	3
Cell_0598	3	3	3	3	3	3	3	2	3	3	3	3	3	3	2	2	2	3	3	3	3	3	3	3	3	3	3	3	2	3	3	2	3
Cell_0599	2	2	3	3	3	2	3	2	3	3	3	3	3	3	3	3	3	3	2	2	3	3	3	2	2	2	3	2	2	3	3	3	3
Cell_0600	3	3	3	2	2	3	3	2	2	3	3	2	3	3	3	3	3	2	2	3	3	3	3	2	3	2	3	2	3	2	3	2	3
Cell_0601	3	3	3	3	2	3	2	3	3	3	3	3	3	3	3	2	3	2	3	3	3	2	3	3	3	3	3	3	3	2	3	3	3
Cell_0602	2	3	3	3	2	3	2	2	3	2	3	3	3	3	3	2	3	2	3	3	3	3	2	3	2	2	3	2	3	3	3	3	3
Cell_0603	2	3	2	3	2	3	3	3	2	2	3	3	3	3	3	2	3	2	3	3	3	3	3	3	3	2	2	3	3	2	3	2	3
Cell_0604	3	3	3	3	3	3	3	3	3	3	3	3	3	2	3	3	3	3	3	3	3	2	3	3	2	3	2	2	3	3	3	3	2
Cell_0605	3	2	3	2	3	3	3	3	3	2	3	3	3	3	3	2	3	3	3	3	3	3	2	3	3	3	2	3	2	3	2	3	3
Cell_0606	3	3	2	3	3	3	3	3	3	2	2	3	3	3	3	2	2	3	2	2	2	3	2	2	2	2	3	3	2	3	3	2	3
Cell_0607	3	3	3	3	2	2	3	2	3	3	2	2	3	3	2	2	3	2	2	2	3	3	2	3	3	2	2	3	3	2	3	3	3
Cell_0608	3	2	2	3	3	2	3	3	3	2	2	3	2	3	3	3	3	3	3	2	3	3	2	3	3	3	2	2	2	3	3	3	3
Cell_0609	3	3	3	3	3	3	3	4	3	3	3	2	3	3	2	2	2	3	2	3	3	3	3	3	3	3	3	2	2	3	3	3	3
Cell_0610	2	3	3	3	2	3	3	3	2	3	2	3	3	3	3	2	3	2	2	2	3	3	3	3	3	2	3	3	2	3	3	3	3
Cell_0611	3	3	3	3	3	2	3	3	3	3	3	3	3	3	2	3	2	3	3	3	3	2	2	2	3	3	3	3	3	2	3	2	3
Cell_0612	2	3	3	3	3	2	3	3	3	3	3	2	2	3	3	3	3	3	3	3	3	3	3	3	3	3	2	2	2	2	3	2	3
Cell_0613	3	2	3	3	3	3	3	3	3	3	3	3	3	3	2	3	3	3	3	3	3	3	3	3	2	3	3	3	3	3	2	3	3
Cell_0614	3	3	3	2	3	2	2	3	3	2	2	3	2	3	3	3	2	3	2	3	3	3	2	3	2	2	3	3	3	3	3	3	3
Cell_0615	2	3	3	3	2	2	2	2	3	3	3	3	3	3	3	3	3	3	2	3	3	3	3	2	2	3	3	3	2	3	3	3	3
Cell_0616	3	3	3	3	3	3	2	3	3	2	2	2	3	3	2	3	3	2	2	3	2	2	3	3	2	2	2	2	3	3	3	2	3
Cell_0617	3	3	3	3	2	3	3	3	3	2	3	2	4	3	3	3	3	2	3	2	3	2	3	2	3	3	2	3	2	2	3	3	3
Cell_0618	3	3	3	3	2	3	3	3	3	2	3	3	3	3	3	3	3	3	3	3	3	3	2	3	3	3	3	2	3	3	3	3	2
Cell_0619	3	3	3	3	3	2	2	3	3	3	2	3	3	3	3	3	2	2	3	3	2	2	3	3	3	2	3	2	2	3	3	3	3
Cell_0620	2	3	3	2	2	3	3	3	3	2	3	2	3	4	3	3	3	2	3	3	3	3	3	3	3	2	3	3	3	3	3	3	3
Cell_0621	3	3	2	3	2	3	2	2	3	3	3	3	3	3	3	3	2	2	2	2	3	3	2	3	3	3	3	3	3	3	3	3	3
Cell_0622	3	3	3	3	3	3	3	3	3	3	2	3	3	3	3	3	3	3	3	2	3	3	2	3	2	3	2	3	3	2	2	3	3
Cell_0623	3	3	3	3	3	3	3	3	2	2	3	3	3	3	2	3	3	3	3	3	2	2	3	3	2	3	3	3	3	3	3	2	3
Cell_0624	3	3	3	3	3	2	3	3	3	3	3	3	2	3	3	3	2	3	2	2	2	3	3	3	3	3	3	3	3	3	3	2	3
Cell_0625	3	2	3	3	2	2	3	3	2	2	3	3	4	3	3	3	2	2	2	3	2	2	3	3	3	3	2	3	2	3	2	3	3
Cell_0626	3	3	3	3	3	2	3	3	3	3	3	3	3	3	3	3	2	3	3	3	3	2	2	3	3	2	3	2	3	2	2	2	3
Cell_0627	3	3	3	2	2	3	3	2	3	3	2	2	3	3	3	3	3	3	3	2	2	3	3	3	2	3	3	3	3	3	3	2	3
Cell_0628	3	2	3	3	2	3	3	3	3	3	3	3	3	2	3	3	3	3	3	2	3	2	3	3	3	3	3	2	3	3	3	3	2
Cell_0629	3	3	3	2	3	3	3	3	3	3	3	3	3	3	3	3	3	2	3	3	3	2	3	3	3	2	2	3	3	3	3	3	3
Cell_0630	2	3	3	3	3	3	2	3	3	3	2	3	3	3	2	3	3	2	3	2	3	3	3	2	2	2	3	3	2	3	3	3	3
Cell_0631	3	3	3	3	2	2	3	3	3	3	3	3	3	3	3	3	3	3	3	3	3	2	3	3	2	3	2	3	2	3	3	3	3
Cell_0632	3	2	3	3	2	2	3	3	3	2	2	3	3	3	3	3	2	2	3	3	2	3	3	3	3	2	3	3	3	2	3	3	3
Cell_0633	3	3	3	3	3	2	3	3	3	2	3	3	2	3	3	3	3	3	3	2	3	2	3	3	2	3	2	2	2	2	3	2	3
Cell_0634	3	3	3	3	3	3	3	3	2	3	3	3	3	3	3	3	2	2	2	3	3	2	3	2	3	3	3	2	3	3	3	3	2
Cell_0635	3	2	3	3	3	2	3	3	3	3	3	3	3	3	2	3	3	3	2	3	3	3	2	2	3	3	3	2	2	3	3	2	3
Cell_0636	3	2	3	2	3	3	3	3	3	3	3	3	2	3	3	3	3	3	3	3	3	3	2	3	3	2	3	2	2	2	3	2	2
Cell_0637	2	3	3	3	3	3	3	3	3	2	3	3	3	3	2	3	3	3	2	3	3	3	3	2	3	3	2	3	3	3	3	2	2
Cell_0638	3	3	2	3	3	3	3	3	3	3	3	3	3	3	3	3	3	2	2	3	2	3	3	2	3	3	2	3	3	2	3	3	3
Cell_0639	3	3	2	3	3	2	3	3	3	3	3	3	2	3	2	2	2	2	3	2	2	3	3	3	3	3	3	3	3	2	3	3	3
Cell_0640	3	3	3	3	3	3	3	2	3	3	2	2	3	3	3	3	3	2	3	2	3	3	2	2	3	3	2	3	3	3	3	2	3
Cell_0641	3	3	3	3	2	3	3	2	3	3	3	2	3	3	3	3	2	2	2	3	3	3	3	2	2	2	2	3	2	3	3	3	2
Cell_0642	2	3	3	3	3	3	3	3	2	3	3	2	3	3	3	3	2	2	3	3	3	2	2	3	3	3	2	2	3	3	3	2	3
Cell_0643	3	3	3	3	3	3	3	3	3	3	3	3	3	3	2	3	2	3	3	3	2	3	3	3	3	3	3	3	3	3	2	3	2
Cell_0644	3	3	3	3	2	3	3	3	3	3	2	3	3	2	2	3	2	3	3	2	3	3	3	2	2	2	2	3	3	2	3	2	2
Cell_0645	3	3	3	2	3	2	3	2	2	3	2	3	3	3	3	3	2	3	3	3	3	3	2	3	3	2	3	3	3	3	2	3	3
Cell_0646	3	3	3	3	3	3	3	3	2	2	3	2	3	3	2	3	3	3	3	2	2	2	3	3	3	2	3	2	2	3	2	2	3
Cell_0647	2	2	3	3	3	2	3	3	3	2	3	3	3	3	3	2	2	3	3	3	3	2	3	2	2	3	2	2	3	3	3	2	3
Cell_0648	3	2	3	3	3	2	3	2	3	3	3	3	3	3	2	3	3	2	2	3	2	3	3	3	3	2	3	3	3	3	2	2	2
Cell_0649	3	2	3	3	2	3	3	2	3	2	2	3	3	3	3	3	2	3	3	3	3	2	3	3	3	3	3	3	3	3	2	3	3
Cell_0650	3	3	3	3	2	3	3	3	3	3	3	3	3	3	3	3	3	2	3	2	3	2	3	3	2	3	3	3	3	3	3	3	3
Cell_0651	3	3	3	3	3	2	2	3	3	3	3	3	2	3	3	2	3	2	3	3	2	3	3	3	3	3	3	2	3	3	2	3	3
Cell_0652	3	3	3	3	3	3	2	3	3	2	3	3	3	3	3	2	2	3	3	2	3	2	3	3	3	2	3	3	2	3	3	2	3
Cell_0653	3	2	2	3	2	3	2	3	3	2	2	3	3	3	3	3	3	3	2	3	3	2	3	3	3	3	3	2	3	3	3	3	3
Cell_0654	3	3	3	3	2	3	3	3	3	3	2	3	3	3	3	3	2	2	2	3	3	3	3	2	3	3	3	3	3	3	3	3	2
Cell_0655	3	2	3	4	3	3	3	3	3	2	3	3	3	3	3	3	3	3	3	3	2	3	3	3	2	2	3	2	3	2	3	3	3
Cell_0656	3	2	3	3	2	2	3	3	2	2	3	3	3	3	3	2	3	3	3	3	3	3	2	3	3	3	3	2	2	3	3	2	2
Cell_0657	3	3	3	3	2	2	2	3	3	3	3	2	3	3	2	2	3	3	3	3	2	3	3	2	3	3	2	2	3	3	3	3	3
Cell_0658	3	3	3	3	3	3	3	3	2	3	3	3	2	3	2	2	3	2	2	3	3	2	3	3	3	2	2	3	2	3	3	2	2
Cell_0659	3	3	3	3	3	3	2	3	3	3	3	3	3	2	3	2	2	2	3	2	3	3	3	3	3	3	3	3	3	3	3	3	2
Cell_0660	3	3	3	2	2	3	2	2	3	2	3	3	3	3	3	3	2	3	3	3	3	2	2	3	3	3	3	2	2	3	3	3	2
Cell_0661	2	3	3	2	3	3	2	3	3	3	3	3	3	2	2	3	3	3	3	3	3	3	2	3	3	3	3	3	3	3	3	2	3
Cell_0662	3	2	3	3	3	3	3	3	2	2	2	3	3	2	3	3	3	3	3	3	3	3	3	3	2	3	2	2	3	2	3	3	3
Cell_0663	3	2	3	3	2	2	3	3	3	2	3	3	3	3	3	3	3	2	3	3	2	3	2	2	3	3	3	3	3	3	2	2	3
Cell_0664	3	3	3	3	3	2	3	2	3	3	2	3	3	3	2	2	2	3	2	2	3	3	3	2	3	2	2	3	2	3	3	3	3
Cell_0665	3	2	3	2	3	2	3	3	3	2	3	3	3	3	3	2	3	2	3	3	3	2	3	3	3	3	3	3	3	2	2	2	3
Cell_0666	3	2	3	3	3	3	2	3	2	3	3	3	3	3	2	3	3	3	3	3	3	3	3	3	3	3	3	3	2	3	3	3	3
Cell_0667	3	2	3	3	3	3	3	3	2	3	2	2	3	3	3	3	3	3	2	2	3	3	3	2	3	3	3	2	2	2	3	2	3
Cell_0668	3	3	2	3	2	3	3	3	3	3	3	2	3	3	3	3	3	3	3	3	3	3	3	3	2	2	3	3	2	3	3	3	3
Cell_0669	3	2	3	3	2	3	2	3	3	2	3	3	3	3	3	3	3	3	3	3	2	2	2	3	3	3	3	3	2	2	2	3	3
Cell_0670	2	3	3	2	3	3	3	3	2	3	3	3	3	3	3	3	2	2	3	3	3	3	2	3	3	3	2	3	2	3	2	2	3
Cell_0671	3	3	3	2	3	2	2	2	3	3	3	3	3	3	2	3	2	3	2	3	3	3	2	3	3	2	3	3	3	2	2	3	2
Cell_0672	3	2	3	3	3	2	3	3	3	3	3	3	3	3	3	3	2	3	3	3	3	2	3	3	3	2	3	2	3	3	3	3	3
Cell_0673	3	3	3	3	3	3	3	3	3	3	3	3	3	3	2	3	3	2	3	3	3	3	2	3	2	3	2	3	3	3	3	3	3
Cell_0674	3	2	3	3	2	2	3	3	3	3	3	3	3	3	2	2	3	3	3	3	2	2	3	3	2	2	2	3	3	3	3	2	3
Cell_0675	2	3	3	3	3	3	2	3	3	3	3	2	3	3	3	2	3	2	3	3	3	3	3	3	2	3	2	3	2	3	3	3	3
Cell_0676	3	3	3	3	3	3	3	3	3	2	2	3	3	3	3	2	3	2	3	3	3	2	3	3	3	2	3	2	3	2	2	3	3
Cell_0677	3	3	3	3	3	2	3	2	2	3	3	2	3	3	3	2	3	2	3	2	3	3	3	2	3	2	2	3	3	2	3	2	2
Cell_0678	3	3	3	3	3	2	3	3	3	3	3	3	2	3	3	3	3	2	2	3	2	2	3	2	3	2	3	3	3	3	3	2	3
Cell_0679	3	3	3	3	2	3	3	2	3	3	3	2	3	3	3	3	2	3	3	3	2	3	3	3	3	3	3	3	3	3	3	3	3
Cell_0680	3	2	3	3	3	3	3	3	3	3	2	3	3	2	3	2	3	2	3	2	3	3	3	3	3	3	2	3	3	3	3	3	3
Cell_0681	3	3	3	3	3	3	3	3	3	2	3	3	3	3	2	3	2	3	3	3	3	3	2	3	2	3	3	3	3	3	3	3	3
Cell_0682	3	3	3	3	2	3	3	3	3	3	3	3	3	3	3	3	3	3	3	3	3	3	3	3	3	3	3	3	3	3	3	3	3
Cell_0683	2	3	3	2	2	3	3	3	3	2	2	3	4	3	3	3	3	2	2	2	3	2	3	2	3	3	3	3	3	2	3	3	3
Cell_0684	3	3	3	3	2	3	3	3	3	3	2	3	3	3	3	3	3	2	2	3	3	3	3	3	3	3	3	3	3	2	3	2	3
Cell_0685	2	3	3	3	2	2	3	3	3	3	2	2	3	3	2	3	3	2	3	3	2	3	2	3	3	3	3	2	2	3	3	3	3
Cell_0686	3	2	3	3	3	2	3	3	3	3	2	3	3	3	3	3	3	3	3	3	3	3	3	2	3	2	3	3	3	2	3	3	2
Cell_0687	3	3	3	2	3	3	2	3	2	2	3	3	3	3	3	2	3	3	2	2	3	3	2	3	2	2	3	3	2	3	3	3	3
Cell_0688	2	3	3	3	3	2	3	3	3	3	3	2	3	3	3	3	3	3	3	3	3	3	2	3	3	2	3	3	2	3	3	3	3
Cell_0689	3	3	3	3	3	3	3	3	3	3	3	2	2	3	3	3	3	2	2	3	2	2	3	2	3	3	3	3	2	3	2	3	2
Cell_0690	2	2	3	3	3	3	2	3	3	3	3	3	3	3	3	3	3	2	2	2	2	3	2	2	3	2	3	3	2	2	3	3	3
Cell_0691	3	3	3	3	3	3	3	2	3	3	3	3	3	3	3	3	3	3	3	3	2	3	3	3	2	2	3	3	2	2	2	3	3
Cell_0692	3	2	3	2	2	3	3	3	3	3	3	3	3	3	2	3	2	3	3	2	2	2	3	2	3	3	3	3	3	2	3	2	3
Cell_0693	3	3	3	3	3	3	3	3	3	3	2	3	3	3	2	2	3	3	3	3	2	2	3	3	3	3	3	3	3	3	3	3	2
Cell_0694	3	2	3	3	3	3	3	3	2	2	3	3	3	3	2	3	3	3	3	2	3	3	3	3	2	2	3	3	2	3	2	3	3
Cell_0695	3	3	3	3	3	3	3	3	3	3	3	3	3	3	3	3	2	3	2	2	3	3	3	2	3	2	3	3	3	2	3	3	3
Cell_0696	3	3	3	2	2	3	3	3	3	3	3	3	3	3	3	3	2	3	3	3	3	2	3	2	2	2	3	2	3	3	3	3	3
Cell_0697	3	3	3	3	3	3	3	3	3	3	2	3	3	2	3	2	3	2	3	3	3	3	2	3	2	3	3	2	2	3	2	3	3
Cell_0698	3	3	3	3	3	2	3	3	3	3	3	3	2	3	3	2	3	2	3	3	2	3	2	3	3	2	3	3	3	3	3	2	3
Cell_0699	3	3	3	3	3	2	2	3	3	3	3	3	3	3	2	3	3	3	3	3	3	2	3	3	2	2	3	3	2	3	2	3	2
Cell_0700	3	3	4	3	3	3	3	3	3	3	3	3	4	3	2	3	2	3	3	4	3	3	3	3	3	4	3	3	3	4	3	3	3
Cell_0701	3	3	3	3	3	3	3	4	3	3	4	3	3	3	2	3	2	3	3	3	3	3	3	3	3	3	3	3	4	3	3	3	3
Cell_0702	3	3	3	3	3	3	3	3	3	3	3	4	4	3	3	3	3	3	3	3	4	2	3	3	3	3	3	3	3	3	3	3	4
Cell_0703	3	3	3	3	3	3	3	3	4	3	3	3	3	3	3	3	3	4	3	3	3	3	3	3	3	3	3	3	3	3	3	3	3
Cell_0704	3	4	3	4	3	4	3	3	3	2	3	3	3	3	3	3	3	3	3	3	3	3	3	3	3	3	4	4	3	4	3	3	3
Cell_0705	4	4	3	3	3	4	3	4	3	3	3	4	3	3	3	3	2	3	3	3	3	3	3	3	3	3	3	3	3	3	3	3	3
Cell_0706	3	3	3	3	3	3	3	4	3	3	3	3	4	3	2	3	3	3	4	3	2	3	3	4	3	3	3	3	3	3	3	3	3
Cell_0707	3	3	3	3	3	3	4	4	3	3	3	2	4	3	3	3	3	3	3	3	4	3	3	3	4	3	4	3	3	3	3	4	3
Cell_0708	4	3	4	3	4	3	3	3	3	4	3	3	4	4	4	3	3	4	4	3	4	3	3	3	3	3	3	4	3	3	4	3	4
Cell_0709	3	3	4	3	3	3	2	3	4	3	3	3	3	3	3	3	3	3	2	3	3	4	3	3	3	3	3	3	3	4	3	2	3
Cell_0710	3	3	3	3	2	3	3	4	3	3	3	4	3	3	3	3	3	3	3	4	3	3	3	3	2	3	3	3	3	3	3	3	3
Cell_0711	3	4	3	3	3	3	3	4	4	3	3	4	3	4	3	2	3	3	3	3	3	4	2	3	2	3	4	3	3	3	3	3	3
Cell_0712	3	3	4	3	3	3	3	3	3	4	3	2	4	3	3	3	4	3	3	3	3	3	3	3	3	3	2	3	3	3	4	3	3
Cell_0713	3	3	4	3	3	3	4	3	4	3	4	3	3	3	3	4	3	3	2	3	3	3	3	4	3	3	3	3	3	3	3	3	3
Cell_0714	3	3	3	3	3	3	3	3	3	2	3	3	3	3	3	3	3	4	3	3	3	3	3	3	3	3	4	3	3	3	3	3	3
Cell_0715	3	3	4	3	3	2	3	3	3	3	3	3	3	3	3	3	3	3	3	3	3	3	3	4	4	3	3	3	3	3	3	2	3
Cell_0716	3	3	3	3	3	4	3	4	3	3	3	3	4	4	3	3	3	3	3	3	3	3	3	3	2	4	3	3	3	2	3	3	3
Cell_0717	3	3	3	3	3	3	3	3	4	4	3	3	3	3	3	3	2	3	3	4	3	3	3	3	3	3	3	3	3	3	3	3	3
Cell_0718	4	3	3	2	3	3	3	3	3	4	3	3	3	4	3	3	3	3	3	3	3	4	3	4	3	3	2	3	3	2	4	3	3
Cell_0719	3	3	3	3	3	3	3	3	4	3	3	3	3	4	3	4	3	3	2	3	3	3	2	4	3	3	3	4	4	4	3	3	3
Cell_0720	4	3	4	3	3	3	3	4	3	3	3	3	3	3	3	3	3	3	4	3	3	3	3	3	3	3	3	2	3	3	3	3	3
Cell_0721	3	3	3	4	3	3	3	3	4	4	3	3	3	4	3	3	3	4	3	3	3	3	3	3	3	4	3	3	3	3	3	4	4
Cell_0722	4	3	3	3	3	3	3	3	3	3	3	3	4	4	3	3	4	3	3	3	3	3	3	3	3	3	3	3	3	3	3	3	3
Cell_0723	4	3	3	3	3	3	3	3	2	3	3	3	3	3	3	3	4	3	3	3	3	4	3	3	3	3	4	3	3	3	4	3	3
Cell_0724	3	3	3	3	3	3	3	4	3	3	3	3	3	4	3	3	4	3	3	3	3	3	3	3	2	3	3	3	3	3	2	3	3
Cell_0725	4	3	3	4	3	3	3	3	3	3	3	4	4	3	3	3	4	3	3	2	2	3	3	2	3	3	3	3	2	3	3	3	3
Cell_0726	3	3	3	3	3	3	4	2	3	3	3	3	3	4	3	3	3	3	3	3	3	3	3	3	3	3	3	4	3	3	4	3	3
Cell_0727	3	4	3	3	3	4	3	3	3	3	3	3	4	3	3	3	3	3	4	3	3	3	4	3	3	3	3	3	3	2	4	2	3
Cell_0728	3	3	3	3	3	3	2	3	3	3	3	3	4	3	3	4	3	3	3	3	3	4	3	3	3	2	3	2	2	3	4	3	3
Cell_0729	3	3	3	3	3	3	3	4	3	3	4	4	4	3	3	3	3	3	3	3	3	3	3	3	3	3	3	3	4	3	4	3	3
Cell_0730	4	3	3	3	3	3	3	3	3	3	3	3	3	3	3	4	3	3	3	4	3	3	4	3	3	3	3	3	4	3	3	2	3
Cell_0731	3	3	4	3	3	3	4	3	4	3	3	3	4	4	4	3	3	3	4	4	3	4	3	3	3	3	3	3	3	3	3	3	3
Cell_0732	3	3	3	3	3	3	4	3	3	3	2	3	4	3	4	3	3	3	3	3	3	3	3	3	3	3	2	3	3	3	3	4	3
Cell_0733	4	3	3	3	3	3	3	3	3	3	3	4	3	3	4	3	4	3	3	3	3	4	3	3	3	3	3	3	3	3	2	3	3
Cell_0734	3	3	3	3	3	3	3	3	3	3	3	3	3	3	3	3	3	4	3	3	3	3	4	3	3	3	3	3	3	3	3	2	3
Cell_0735	3	3	3	3	4	3	4	2	4	4	2	3	4	3	3	3	3	4	3	2	4	3	4	3	3	3	3	3	3	3	3	3	4
Cell_0736	3	3	3	3	3	3	3	4	3	3	4	3	3	3	3	3	3	3	3	3	3	3	3	3	3	3	2	3	3	3	3	3	3
Cell_0737	3	3	4	3	3	3	3	3	3	3	3	3	2	2	3	3	3	3	3	3	3	3	3	3	3	3	3	3	3	3	3	4	4
Cell_0738	3	3	4	4	4	3	3	4	3	3	3	3	3	3	2	4	3	3	3	3	3	3	3	3	3	3	3	4	3	3	3	3	3
Cell_0739	3	3	3	3	3	3	3	3	4	3	3	4	3	3	3	3	3	2	3	4	3	4	3	3	3	3	3	3	3	3	3	3	3
Cell_0740	3	3	3	4	3	3	3	3	4	4	3	3	3	3	3	3	3	4	3	3	4	3	3	3	3	3	3	2	3	3	3	3	3
Cell_0741	3	3	3	3	3	3	3	4	3	2	3	3	3	3	3	3	3	4	3	4	3	4	3	3	3	2	3	3	3	3	3	3	3
Cell_0742	3	3	3	3	3	2	3	3	3	2	2	4	3	3	4	3	3	3	3	3	3	3	3	4	3	3	3	2	3	3	3	3	3
Cell_0743	3	3	4	4	3	3	3	4	3	3	3	3	4	4	3	3	3	3	3	3	3	3	3	3	3	3	3	3	3	3	3	3	3
Cell_0744	4	3	3	3	4	3	2	3	4	3	3	3	3	3	4	3	3	3	3	3	4	3	3	3	3	3	2	3	3	2	4	3	3
Cell_0745	3	3	3	4	3	3	4	3	3	3	3	4	3	3	3	3	4	3	3	3	3	3	3	3	4	3	2	3	3	3	3	3	3
Cell_0746	4	3	4	4	3	3	3	3	4	3	4	3	4	4	3	3	3	3	3	3	4	3	4	3	3	4	4	3	4	4	3	3	3
Cell_0747	3	3	4	3	3	4	3	3	4	3	3	3	3	4	3	3	3	3	3	3	3	3	3	3	3	3	3	3	4	3	3	3	3
Cell_0748	3	3	3	3	4	4	3	3	3	3	3	3	4	3	2	2	2	3	3	3	3	3	3	3	3	3	3	3	3	3	3	3	3
Cell_0749	3	3	3	3	4	4	3	2	3	4	3	3	4	4	3	3	3	2	3	3	3	3	2	3	3	3	3	3	3	4	3	3	3
Cell_0750	2	3	3	3	3	3	4	3	3	3	3	3	3	3	3	3	3	3	3	3	3	3	4	3	3	3	3	4	3	3	3	4	3
Cell_0751	3	4	3	3	3	3	2	3	3	3	3	3	3	3	3	3	2	4	3	2	3	3	3	3	3	3	3	3	4	3	3	4	3
Cell_0752	3	3	4	3	3	3	3	3	2	3	3	4	3	3	3	3	4	3	3	3	3	3	3	3	3	3	3	3	2	3	3	3	3
Cell_0753	2	3	3	3	3	3	3	3	4	3	3	3	3	3	4	3	3	3	3	3	3	3	3	3	4	3	3	4	3	3	2	3	3
Cell_0754	3	3	3	3	3	3	4	3	3	3	3	4	3	3	3	3	3	3	4	3	4	3	2	3	3	3	3	3	3	2	3	3	2
Cell_0755	3	3	3	3	3	3	3	4	3	4	3	4	3	3	2	3	3	3	3	3	3	3	2	3	3	3	3	4	4	3	4	3	3
Cell_0756	3	3	3	4	4	3	3	3	3	3	3	3	3	4	4	3	3	3	3	4	2	4	3	4	3	3	3	3	4	3	2	3	3
Cell_0757	3	3	3	3	3	3	2	4	4	3	3	3	4	3	3	3	3	3	3	3	3	3	3	3	3	4	3	4	3	3	3	3	3
Cell_0758	3	3	3	3	3	4	3	3	3	3	3	2	3	3	3	3	3	4	3	3	4	3	3	3	3	3	3	3	2	3	3	4	4
Cell_0759	3	3	3	4	3	3	3	3	3	4	3	3	3	3	3	3	3	3	4	3	4	3	3	3	3	3	3	4	3	3	3	3	3
Cell_0760	3	3	3	4	4	3	3	4	3	4	3	3	3	4	3	4	3	3	3	3	3	3	3	4	3	3	4	3	3	3	3	4	3
Cell_0761	3	3	4	3	4	3	3	3	3	3	3	2	4	3	3	3	3	3	3	3	3	3	3	3	2	3	4	3	4	4	3	3	3
Cell_0762	3	3	3	3	3	3	4	4	3	3	4	3	4	3	3	3	3	3	3	3	3	3	3	3	3	3	3	2	3	3	3	2	3
Cell_0763	3	3	4	3	3	3	3	3	4	4	4	3	4	3	3	3	3	3	3	3	2	3	3	4	3	3	3	3	3	3	3	3	3
Cell_0764	3	3	3	4	3	3	3	3	3	3	3	3	3	4	3	3	3	3	4	3	4	4	3	3	4	3	3	3	3	3	3	3	3
Cell_0765	4	3	3	3	3	3	3	3	4	3	3	3	3	3	3	3	3	3	3	3	4	3	3	3	3	3	3	3	3	3	3	4	3
Cell_0766	3	3	3	3	2	4	3	2	3	3	3	3	3	4	4	3	3	2	3	3	3	3	3	3	3	3	3	3	3	3	3	3	3
Cell_0767	3	3	3	3	3	3	3	4	4	3	3	3	3	4	3	3	3	3	3	2	3	3	4	3	3	3	4	3	3	2	3	3	3
Cell_0768	3	3	4	3	3	3	3	2	3	3	3	3	3	3	3	4	3	3	4	3	3	3	3	3	4	3	3	3	3	3	3	3	3
Cell_0769	3	3	3	3	3	4	4	3	3	2	3	3	3	3	3	3	3	3	3	3	4	4	3	3	3	3	3	3	3	3	3	3	3
Cell_0770	4	3	3	4	3	3	3	4	3	3	3	3	3	3	4	3	3	3	2	3	3	4	3	3	3	3	2	3	3	3	3	3	4
Cell_0771	3	4	3	3	3	3	3	4	3	4	3	4	3	3	4	4	3	4	3	3	3	2	4	3	4	3	4	3	3	3	3	3	3
Cell_0772	3	3	3	3	3	3	3	3	3	3	2	3	3	3	2	3	3	3	2	3	3	3	3	3	3	3	4	3	3	3	3	3	3
Cell_0773	3	3	3	3	3	3	3	2	4	3	3	4	4	3	3	3	3	4	3	3	4	3	3	4	3	3	3	3	3	4	3	3	3
Cell_0774	4	4	4	3	3	3	4	4	3	2	3	3	3	3	3	3	4	3	3	4	3	3	3	3	4	3	3	3	3	3	3	3	3
Cell_0775	3	3	3	3	4	3	3	3	4	2	3	3	4	4	3	3	3	3	3	3	3	3	3	2	3	3	3	2	3	3	4	3	3
Cell_0776	3	3	3	4	4	4	4	3	3	4	3	3	3	4	4	3	3	3	3	4	3	4	3	4	3	3	3	3	3	4	3	3	3
Cell_0777	3	4	3	3	3	3	3	3	3	3	3	3	3	4	3	3	3	3	3	3	3	3	3	3	3	3	3	3	3	3	3	3	4
Cell_0778	3	4	4	3	2	4	4	3	3	3	3	4	3	3	3	3	3	2	3	3	3	2	3	3	3	3	3	4	3	4	3	3	3
Cell_0779	3	3	3	3	3	4	3	3	3	3	3	3	3	4	3	3	2	2	3	3	3	3	3	3	3	3	3	3	4	3	3	3	3
Cell_0780	3	4	3	3	3	3	3	4	3	3	3	3	3	4	4	4	3	3	3	4	3	3	3	3	3	3	3	3	3	3	4	3	3
Cell_0781	3	3	3	3	3	3	4	4	3	4	3	3	4	3	3	3	4	4	3	4	3	3	3	3	3	3	3	3	3	3	3	2	3
Cell_0782	4	3	4	3	3	3	3	3	3	4	3	3	4	3	3	3	3	2	3	4	3	4	3	3	3	3	4	2	3	3	3	3	3
Cell_0783	4	3	3	3	3	3	3	4	3	3	4	3	3	4	3	3	4	3	3	3	3	3	3	3	3	3	3	3	3	3	3	3	3
Cell_0784	3	4	3	2	4	2	3	4	2	3	3	3	3	3	3	2	4	4	3	4	3	3	4	3	3	3	3	3	3	3	3	3	3
Cell_0785	3	3	3	3	3	3	3	3	3	4	3	3	3	4	3	3	2	3	2	3	3	3	4	3	3	3	3	3	3	3	3	3	3
Cell_0786	4	4	3	3	3	3	3	2	3	3	3	3	4	4	3	3	3	3	3	3	3	3	3	3	3	3	3	3	4	3	3	3	3
Cell_0787	3	3	3	4	3	3	3	3	4	3	3	4	3	4	3	4	3	3	3	4	3	3	4	3	3	3	3	3	4	3	3	3	3
Cell_0788	3	3	3	4	3	3	3	4	2	3	3	3	3	3	3	4	3	3	3	3	3	3	3	4	3	3	3	3	3	3	3	3	3
Cell_0789	3	3	4	3	3	3	3	3	3	3	3	3	3	4	4	4	3	3	4	3	4	3	3	3	3	3	4	3	3	3	3	4	3
Cell_0790	3	4	3	3	3	3	3	3	3	2	3	3	3	3	3	3	3	3	3	4	2	3	3	3	3	2	2	3	4	3	3	3	3
Cell_0791	3	3	3	3	3	3	3	4	3	2	3	3	4	3	3	3	3	3	3	3	3	3	3	4	3	3	3	3	3	3	3	3	3
Cell_0792	3	3	3	4	4	3	3	3	3	3	3	2	3	3	3	3	3	2	3	3	3	3	2	2	3	3	3	3	2	3	3	3	3
Cell_0793	4	3	3	3	3	3	3	4	3	3	3	3	3	4	3	4	3	3	3	3	3	3	3	3	3	2	3	3	3	3	3	3	3
Cell_0794	3	3	3	3	3	3	3	4	3	3	3	2	3	4	3	4	3	4	3	3	3	4	3	3	3	3	3	3	3	3	3	3	3
Cell_0795	3	3	3	4	4	4	3	3	4	3	3	3	4	4	3	3	3	3	3	3	3	3	3	3	3	3	3	4	3	4	3	3	3
Cell_0796	4	4	4	4	3	3	3	3	4	3	3	3	2	3	3	3	4	3	3	3	3	3	3	3	3	3	3	4	3	4	3	3	3
Cell_0797	3	3	3	4	3	3	3	3	4	3	4	3	4	3	4	3	3	3	3	2	3	3	3	3	3	3	4	3	3	3	3	3	3
Cell_0798	3	3	3	3	3	3	3	4	3	3	3	3	3	4	3	3	3	3	3	3	3	3	3	3	3	3	3	3	3	4	3	3	3
Cell_0799	3	3	4	3	3	3	3	3	3	3	3	3	3	3	3	3	4	3	2	3	3	3	3	3	3	3	3	2	3	3	3	3	3
Cell_0800	4	3	3	3	3	3	3	3	4	2	2	3	3	3	3	3	3	3	3	4	3	3	4	3	3	3	3	3	3	2	3	3	3
Cell_0801	4	3	3	3	4	3	3	4	3	3	3	3	3	3	3	3	3	4	3	3	3	3	3	3	3	3	4	3	3	3	3	3	3
Cell_0802	3	3	3	3	3	3	3	4	3	2	3	3	3	3	3	3	3	3	3	3	3	3	3	3	3	3	3	4	3	3	3	4	3
Cell_0803	3	2	3	4	3	4	3	3	3	2	3	3	3	3	4	4	3	3	3	3	3	3	4	3	3	3	3	3	4	3	3	3	3
Cell_0804	3	4	3	3	3	3	3	4	3	3	2	3	3	3	3	3	3	3	3	3	3	3	3	4	3	3	3	3	3	3	3	3	3
Cell_0805	3	3	3	3	2	3	3	4	3	2	2	3	3	3	3	3	3	3	3	3	3	3	4	3	3	3	3	4	4	3	3	3	3
Cell_0806	3	3	3	3	3	3	3	2	3	3	3	2	4	3	4	3	3	2	3	3	3	4	3	3	3	3	3	3	3	3	3	3	3
Cell_0807	2	3	2	3	3	3	4	4	4	3	3	2	3	3	4	3	3	2	3	3	3	3	3	3	4	3	3	4	3	3	3	3	3
Cell_0808	2	3	4	3	3	3	3	3	4	3	3	3	2	3	3	3	3	2	3	3	3	3	3	3	3	2	3	3	3	3	3	4	4
Cell_0809	3	3	3	2	3	3	3	3	3	3	3	3	3	4	3	3	3	4	3	3	3	2	4	3	3	3	3	4	3	3	3	3	3
Cell_0810	3	3	3	3	3	3	4	3	3	3	3	3	3	3	3	3	3	3	4	3	3	3	4	3	3	2	4	3	3	3	3	3	3
Cell_0811	3	3	3	3	3	3	3	3	3	3	3	3	3	3	3	3	3	3	4	3	3	3	3	3	3	3	3	3	3	3	3	3	4
Cell_0812	3	3	3	3	3	3	3	3	3	3	3	4	3	3	3	3	3	4	3	3	3	3	3	3	3	3	3	3	3	3	3	3	3
Cell_0813	3	3	3	3	3	3	3	4	3	3	2	2	3	3	3	3	2	3	3	3	3	3	3	4	3	3	3	4	3	3	3	3	3
Cell_0814	3	4	3	3	3	3	4	3	4	3	3	3	3	3	2	3	3	3	3	3	3	2	3	3	3	3	3	4	4	3	4	3	3
Cell_0815	3	3	3	3	3	3	3	4	4	3	3	3	3	3	4	3	3	4	3	3	3	3	3	3	3	3	3	3	3	3	3	3	3
Cell_0816	3	3	3	4	3	3	3	3	3	3	3	3	3	2	3	3	3	3	3	4	3	3	3	3	3	2	3	3	3	3	3	4	3
Cell_0817	3	3	3	3	3	3	3	4	3	3	3	2	4	3	3	3	2	3	3	3	3	3	3	4	3	3	3	3	3	3	3	3	3
Cell_0818	3	3	3	3	3	3	4	4	3	3	4	3	3	3	3	3	3	3	4	3	3	3	3	3	3	2	4	3	3	3	3	3	3
Cell_0819	3	3	3	3	3	3	3	3	3	2	2	3	4	3	3	3	3	3	3	3	3	3	3	3	3	4	3	3	3	3	3	3	3
Cell_0820	3	3	3	3	3	3	3	3	4	3	3	2	3	3	4	3	3	2	3	3	3	3	2	3	3	3	3	2	2	3	3	3	3
Cell_0821	3	3	3	3	3	3	3	4	3	3	3	2	3	3	4	3	3	3	3	4	3	3	3	3	2	2	3	3	3	3	3	4	3
Cell_0822	3	3	3	3	3	3	3	3	3	3	2	3	3	4	3	3	4	3	4	3	3	3	3	3	3	2	3	3	3	3	3	4	3
Cell_0823	3	3	3	3	3	3	3	3	3	3	3	3	3	3	3	3	3	3	3	3	3	3	3	3	3	3	4	4	4	3	3	3	3
Cell_0824	2	3	3	3	3	3	4	3	4	3	3	3	3	4	3	3	4	4	3	3	2	3	3	3	3	3	3	3	3	4	3	3	3
Cell_0825	3	2	3	3	3	3	4	3	3	3	3	3	3	3	3	4	4	4	3	3	4	3	3	3	3	3	3	4	3	3	4	2	4
Cell_0826	3	3	3	3	3	3	3	3	3	4	3	3	3	3	3	3	3	3	3	4	3	3	3	3	3	3	3	3	3	3	3	4	3
Cell_0827	3	3	3	3	3	3	3	3	4	3	2	3	3	3	4	3	3	3	3	3	3	3	3	3	3	3	3	4	3	3	3	3	3
Cell_0828	3	3	3	3	3	3	3	3	3	3	3	3	3	3	3	3	3	4	4	3	4	3	3	3	3	3	3	4	3	3	3	3	3
Cell_0829	3	3	2	3	3	3	3	3	3	3	3	3	3	3	3	3	3	2	3	3	3	3	4	3	2	3	3	3	3	3	3	3	3
Cell_0830	3	3	3	3	3	3	4	3	2	3	3	3	3	3	3	3	3	3	4	3	3	3	3	3	3	3	4	3	3	3	3	3	3
Cell_0831	3	3	3	3	3	2	3	4	3	2	3	3	3	3	3	4	3	3	3	3	3	3	3	3	3	4	3	3	2	3	3	2	3
Cell_0832	4	3	3	3	3	3	3	4	3	3	3	3	3	3	4	3	3	3	3	3	3	3	3	3	3	3	3	3	3	3	3	3	3
Cell_0833	3	3	3	2	4	3	4	3	4	3	2	3	3	3	3	3	3	3	3	3	3	4	3	4	3	3	3	4	3	4	3	3	3
Cell_0834	3	3	3	2	3	4	3	3	3	3	3	3	3	2	3	3	3	3	3	3	3	3	3	3	3	3	4	3	3	3	2	4	3
Cell_0835	3	3	3	3	3	3	3	4	3	3	2	3	3	3	3	3	3	3	4	3	3	3	3	3	3	3	3	3	3	4	3	3	4
Cell_0836	3	4	3	4	3	3	3	3	3	3	3	3	3	4	3	3	2	3	3	3	3	3	3	3	3	3	3	3	3	3	4	3	3
Cell_0837	3	3	3	3	3	4	3	3	3	3	3	3	3	3	3	3	3	3	4	3	3	3	3	3	3	3	3	3	4	2	3	2	3
Cell_0838	3	3	3	4	4	3	3	3	3	3	3	3	3	3	3	2	3	2	3	3	3	3	3	3	4	3	2	3	3	3	3	3	3
Cell_0839	3	4	3	3	3	4	3	3	4	3	3	3	3	2	3	2	3	3	4	3	2	3	3	3	3	3	3	3	3	3	4	3	3
Cell_0840	3	3	3	3	4	3	3	3	3	3	2	3	3	3	2	2	3	4	3	3	3	3	3	3	3	3	3	3	4	2	4	3	2
Cell_0841	3	3	3	3	3	3	3	3	3	3	3	3	3	4	3	3	3	3	3	3	3	3	4	3	3	3	3	3	4	3	3	3	3
Cell_0842	3	3	3	3	3	3	2	3	3	3	3	2	3	4	3	4	3	3	3	3	3	3	3	3	2	3	3	3	3	3	3	3	3
Cell_0843	3	3	3	3	3	4	3	4	3	3	2	3	3	3	3	4	3	4	3	2	3	3	3	3	3	3	3	3	3	3	3	3	3
Cell_0844	3	3	4	3	3	3	3	3	3	3	3	3	3	3	3	3	3	4	3	3	3	3	3	3	3	2	3	3	3	4	3	3	3
Cell_0845	3	3	4	3	4	3	3	3	4	3	3	3	3	3	2	3	3	3	3	4	3	3	3	3	3	3	3	4	3	3	3	3	3
Cell_0846	3	3	3	3	3	3	3	4	3	3	3	3	3	3	4	3	3	3	4	3	3	3	3	4	3	3	3	3	4	3	3	3	3
Cell_0847	2	2	4	3	3	3	3	3	4	3	3	2	3	3	3	2	2	3	3	3	3	3	3	3	4	3	3	3	3	4	2	3	3
Cell_0848	3	3	3	3	2	3	2	3	4	3	3	3	3	3	3	3	3	3	3	2	3	3	3	3	3	3	3	3	3	3	3	3	3
Cell_0849	3	3	3	3	3	4	4	3	3	3	3	3	2	3	3	3	3	3	3	3	4	3	3	3	2	3	3	3	3	3	4	3	3
Cell_0850	3	3	3	3	2	3	3	4	4	3	3	3	4	3	3	3	4	4	3	3	3	3	3	3	3	4	3	3	3	3	3	3	3
Cell_0851	4	3	3	3	3	3	3	3	3	3	3	3	3	3	3	3	3	3	3	3	3	3	3	3	3	3	3	3	3	4	3	3	3
Cell_0852	3	3	3	3	4	3	3	3	4	3	3	4	3	3	3	3	4	3	3	3	3	3	3	3	3	2	3	3	3	3	3	3	3
Cell_0853	3	3	3	3	3	3	3	3	3	3	3	3	3	3	4	3	3	3	4	4	3	3	3	3	3	3	3	3	3	3	3	3	4
Cell_0854	3	3	2	4	3	3	3	3	3	3	3	3	3	3	3	3	3	3	3	3	3	3	3	3	3	4	4	3	3	3	3	3	3
Cell_0855	3	4	4	3	2	3	4	3	4	3	3	3	4	4	3	3	4	3	3	3	3	3	2	3	4	3	3	3	4	3	3	2	3
Cell_0856	3	4	3	4	3	3	3	3	3	3	3	3	3	2	3	4	3	3	3	3	3	3	3	3	3	3	3	2	3	3	3	3	3
Cell_0857	3	3	3	3	2	3	3	3	4	3	3	3	3	3	3	3	4	3	2	4	3	3	3	3	3	3	3	3	3	2	3	3	3
Cell_0858	3	3	2	4	3	3	2	4	3	3	3	3	3	4	3	3	4	3	3	2	3	3	3	3	3	3	3	3	2	3	4	4	3
Cell_0859	3	3	3	3	3	3	3	4	3	3	3	3	3	4	3	3	3	3	3	3	4	3	3	3	3	3	3	3	3	3	3	3	3
Cell_0860	4	3	3	3	3	4	4	2	3	4	3	3	3	2	3	3	3	3	3	3	4	3	4	3	2	4	4	4	3	3	3	3	4
Cell_0861	3	3	3	3	3	3	3	3	4	2	2	4	3	3	4	3	3	3	3	3	3	3	3	3	3	3	3	3	3	4	3	3	2
Cell_0862	3	3	3	3	3	2	3	3	3	4	3	3	3	4	3	2	4	3	3	3	3	3	4	3	3	3	3	2	3	3	3	3	3
Cell_0863	3	3	3	3	3	2	3	3	4	3	2	2	3	3	3	3	3	3	3	4	2	3	3	3	3	3	3	2	2	3	3	3	3
Cell_0864	3	3	3	3	3	3	3	3	4	3	3	4	4	3	3	3	3	3	4	3	3	3	3	3	3	3	4	3	3	3	3	3	3
Cell_0865	3	3	3	3	4	3	3	4	3	3	4	3	2	3	3	3	3	3	3	3	3	4	3	3	3	3	3	2	2	3	3	3	3
Cell_0866	3	3	2	3	3	3	4	3	3	3	2	2	3	3	3	3	2	3	3	4	4	3	3	3	3	3	3	3	3	4	3	4	3
Cell_0867	3	3	3	4	3	3	3	3	3	3	3	2	3	3	2	3	2	3	4	3	3	3	3	3	3	3	3	3	3	3	4	3	3
Cell_0868	3	3	4	3	3	3	3	3	4	2	3	3	3	3	3	3	3	3	2	3	3	3	3	3	3	3	3	3	3	3	3	3	3
Cell_0869	3	3	3	4	3	3	3	3	2	3	2	3	3	3	3	3	2	3	2	3	3	3	3	3	3	3	3	3	3	3	3	3	3
Cell_0870	3	3	3	3	3	3	3	3	4	2	3	3	3	3	3	3	3	3	3	3	3	3	3	3	4	3	3	3	4	3	3	3	3
Cell_0871	3	3	3	3	3	3	3	3	3	3	3	3	3	3	2	3	3	3	3	2	3	3	3	3	3	3	3	4	3	4	4	3	3
Cell_0872	4	3	4	3	3	3	3	4	4	3	3	2	3	3	3	4	3	3	3	3	3	3	3	3	3	3	3	3	3	3	3	3	3
Cell_0873	3	3	3	3	4	3	3	3	3	3	3	3	3	3	3	4	4	3	3	3	3	3	3	3	3	4	3	2	3	3	3	3	4
Cell_0874	2	4	3	3	3	2	3	3	3	3	3	3	3	3	4	3	3	3	4	3	3	3	3	3	2	3	3	3	3	3	3	3	4
Cell_0875	2	3	3	3	3	4	3	3	3	3	3	3	3	3	3	3	4	3	3	4	4	3	3	3	3	3	4	3	4	3	4	3	3
Cell_0876	4	3	4	3	3	3	3	4	4	3	3	3	3	3	3	3	3	3	3	3	3	2	3	3	2	3	3	3	3	3	3	3	3
Cell_0877	3	3	3	3	3	4	3	3	3	2	3	3	3	4	3	3	3	3	3	3	3	3	3	2	3	3	3	3	4	3	3	3	3
Cell_0878	3	3	3	3	3	3	3	3	4	3	3	3	3	3	3	3	3	4	3	4	3	3	3	4	3	3	3	3	3	3	3	4	3
Cell_0879	2	3	3	3	2	3	3	3	3	3	2	3	3	3	3	3	3	3	3	4	3	3	3	3	2	3	3	3	3	4	3	4	3
Cell_0880	3	3	3	3	4	3	3	3	4	3	3	3	3	3	3	3	3	3	4	3	4	3	3	4	4	3	4	4	3	3	3	2	3
Cell_0881	4	2	3	3	3	2	3	3	3	4	3	3	3	3	3	3	3	3	3	2	3	3	3	3	4	3	3	3	3	3	3	3	3
Cell_0882	3	4	2	4	3	4	3	3	4	3	3	2	2	3	3	3	3	2	3	3	3	3	3	3	3	4	3	3	3	3	3	3	4
Cell_0883	4	3	3	3	3	2	3	3	4	3	3	3	3	3	3	3	3	3	3	3	3	3	3	4	3	3	3	3	3	3	3	3	3
Cell_0884	3	3	3	4	3	3	3	3	3	4	2	3	3	3	3	3	3	3	3	3	3	3	3	3	3	3	3	3	3	3	4	3	3
Cell_0885	3	3	4	3	3	3	3	3	3	4	3	3	3	3	3	3	3	3	3	3	4	2	3	3	3	3	3	4	3	3	3	3	3
Cell_0886	3	3	3	3	4	3	3	3	3	3	3	3	3	3	3	3	2	3	3	3	3	4	3	3	3	3	3	2	3	4	3	3	3
Cell_0887	3	3	3	3	3	4	3	3	3	3	3	3	3	4	3	3	3	4	3	3	3	3	3	3	3	3	3	3	3	4	4	3	3
Cell_0888	3	2	3	3	3	4	2	3	3	3	3	3	3	3	3	3	4	4	3	3	3	3	3	3	4	3	4	3	3	3	3	3	3
Cell_0889	3	3	3	3	3	3	3	3	4	3	3	3	3	3	4	3	3	4	3	3	3	3	3	4	3	3	3	3	3	3	4	3	3
Cell_0890	3	3	3	3	3	3	4	4	4	2	2	3	3	3	3	2	3	3	4	3	2	3	3	3	3	3	3	2	3	4	3	4	3
Cell_0891	3	2	2	3	3	3	3	3	3	3	3	3	3	3	3	3	3	3	3	3	3	3	3	3	3	4	3	3	3	3	3	3	3
Cell_0892	3	2	4	3	4	3	3	3	3	3	3	3	3	3	3	3	3	3	3	3	3	3	4	3	3	3	3	3	3	3	3	4	3
Cell_0893	3	3	3	3	3	2	4	3	3	3	3	3	4	2	3	3	3	3	4	3	3	3	3	3	2	3	4	3	3	4	3	3	3
Cell_0894	3	3	3	3	3	3	3	4	3	3	3	3	3	3	3	3	3	3	4	3	4	3	3	3	3	3	3	3	4	3	3	3	3
Cell_0895	3	3	3	3	3	3	3	3	3	3	3	2	3	3	3	3	3	3	3	3	2	3	3	3	3	3	3	3	3	3	3	4	3
Cell_0896	4	4	3	3	4	3	3	4	3	3	3	3	3	3	3	3	3	3	3	3	3	3	4	3	3	3	3	3	3	4	3	3	3
Cell_0897	3	3	4	3	3	4	3	4	4	3	4	3	3	3	3	3	3	3	3	3	3	3	3	3	4	3	3	3	3	3	3	3	3
Cell_0898	3	3	4	2	3	3	3	3	4	3	3	3	3	3	3	3	3	3	3	3	3	3	3	3	3	3	3	3	3	3	3	3	3
Cell_0899	3	4	3	3	4	4	4	4	3	3	3	3	3	3	3	3	3	3	3	3	3	3	3	3	3	3	3	3	4	3	3	3	3
Cell_0900	3	3	3	3	3	4	3	3	3	3	3	3	3	3	4	3	3	3	3	3	3	3	3	3	3	3	3	3	3	3	2	3	3
Cell_0901	3	4	3	3	3	3	3	3	3	3	4	3	3	3	3	3	3	3	3	3	3	3	4	3	3	3	3	3	3	3	3	3	3
Cell_0902	2	3	4	3	3	3	3	3	4	2	3	4	3	4	3	3	3	4	3	3	3	4	3	2	3	3	3	3	3	3	4	3	3
Cell_0903	4	3	3	3	3	3	3	3	3	3	3	3	3	3	3	3	3	3	3	2	3	2	3	3	3	3	3	4	3	3	3	4	3
Cell_0904	3	3	3	3	3	3	3	3	4	3	2	3	3	3	3	3	3	4	4	3	3	3	3	3	3	3	2	3	3	4	4	3	3
Cell_0905	3	3	3	3	3	3	4	3	3	3	3	3	4	3	3	3	3	3	3	3	3	3	2	4	3	3	3	3	3	3	3	3	3
Cell_0906	3	3	3	3	4	4	3	4	4	3	3	3	3	3	3	3	3	4	4	3	3	3	3	2	3	4	3	3	3	3	3	3	3
Cell_0907	3	3	3	3	3	3	3	3	3	3	3	3	3	3	4	3	3	3	4	3	3	2	3	3	3	3	3	2	3	3	3	3	3
Cell_0908	3	3	3	3	3	3	4	4	4	3	2	3	3	3	3	3	2	3	3	3	3	3	3	3	3	3	3	4	3	2	3	3	3
Cell_0909	3	4	3	2	3	3	3	3	3	3	3	3	3	2	2	3	3	3	3	3	2	3	3	3	3	3	3	3	3	3	4	3	3
Cell_0910	3	4	4	3	3	3	3	3	4	3	3	4	3	3	4	3	3	3	3	3	3	2	3	2	4	3	3	2	3	3	3	2	3
Cell_0911	4	3	2	3	3	4	3	4	4	3	3	3	3	3	3	3	3	3	4	3	3	3	2	3	3	3	3	3	3	3	4	2	3
Cell_0912	3	3	3	3	3	3	3	3	3	2	3	3	3	3	3	3	3	3	3	3	3	2	3	3	3	3	3	3	3	3	3	3	3
Cell_0913	3	3	3	3	3	3	3	3	3	3	3	3	3	3	3	3	3	3	3	3	3	3	3	3	3	3	3	3	3	3	3	3	2
Cell_0914	3	4	3	3	3	3	3	4	3	3	2	3	3	3	3	3	3	3	3	3	3	4	3	3	3	3	4	3	4	4	3	3	3
Cell_0915	4	3	4	3	3	3	3	3	3	3	3	3	3	3	2	3	3	3	3	3	3	3	3	3	3	3	4	4	3	3	3	3	3
Cell_0916	3	2	3	3	4	3	4	4	3	3	3	3	3	4	3	3	3	4	3	3	4	2	3	4	3	3	3	3	3	3	3	3	3
Cell_0917	3	3	3	3	3	3	3	3	4	3	2	3	3	3	4	3	4	3	2	4	3	3	3	3	3	3	3	3	3	3	3	3	3
Cell_0918	3	4	3	3	3	3	3	3	4	3	3	3	3	2	3	3	3	4	4	3	3	3	3	4	3	3	3	3	3	3	3	3	3
Cell_0919	3	3	3	3	3	2	3	3	3	3	3	3	3	3	3	3	3	3	3	3	3	3	3	3	3	3	3	3	3	3	3	3	3
Cell_0920	3	3	4	3	3	3	4	3	3	3	2	3	3	3	3	3	3	3	2	3	3	3	3	3	3	3	3	3	3	3	3	4	3
Cell_0921	3	3	3	3	3	3	3	3	3	3	3	3	3	3	3	3	3	2	4	3	3	3	3	3	3	3	3	3	3	3	3	4	3
Cell_0922	3	3	3	2	3	3	3	3	3	3	3	3	3	3	3	4	4	3	3	4	3	3	3	3	3	3	3	3	3	3	4	3	3
Cell_0923	3	3	2	2	3	3	3	3	4	3	3	3	3	3	3	3	3	3	2	3	3	3	3	3	3	3	3	2	3	3	3	3	3
Cell_0924	4	4	3	3	3	3	3	3	4	3	3	3	3	3	3	3	3	3	3	4	3	3	3	3	3	4	3	3	3	3	4	2	3
Cell_0925	3	3	3	3	3	2	3	4	3	3	3	2	3	2	3	2	3	3	2	3	3	3	3	3	3	3	3	2	3	4	3	3	3
Cell_0926	4	3	3	3	3	3	3	4	4	3	3	3	3	3	3	4	3	2	4	4	3	3	3	3	2	3	3	3	3	3	3	3	3
Cell_0927	3	3	3	3	2	3	3	4	3	3	3	3	3	4	3	3	3	3	3	3	4	3	3	3	3	3	3	3	3	3	3	3	2
Cell_0928	3	3	3	3	3	3	4	3	3	4	3	3	3	3	3	3	2	3	4	4	3	3	4	2	4	3	3	3	3	3	3	3	3
Cell_0929	3	3	3	3	2	3	3	3	3	3	3	3	3	3	3	3	3	3	3	3	3	3	3	3	3	3	3	3	3	3	4	4	3
Cell_0930	3	3	3	4	4	3	4	3	3	3	2	4	3	3	3	3	3	3	3	3	3	3	3	2	4	3	3	3	4	3	3	3	3
Cell_0931	3	4	3	3	3	3	4	4	3	3	3	3	3	3	3	3	3	3	3	3	3	3	3	3	3	3	3	3	3	3	3	3	3
Cell_0932	3	3	3	3	3	3	3	2	3	3	3	3	3	3	3	3	3	3	3	3	2	3	2	3	3	3	3	3	4	3	3	3	3
Cell_0933	3	4	3	3	3	3	4	3	3	3	3	3	4	3	3	2	3	3	3	3	3	4	3	3	3	3	3	4	3	3	3	3	3
Cell_0934	2	3	3	3	3	3	3	3	4	3	3	2	3	3	3	3	3	4	3	4	3	3	3	3	3	3	4	3	4	3	4	3	3
Cell_0935	3	3	3	3	3	3	4	3	3	3	3	3	3	4	3	3	4	3	3	3	3	3	3	4	3	4	3	4	3	3	2	3	3
Cell_0936	3	3	3	3	3	4	3	3	3	4	3	3	3	3	3	4	3	3	3	3	3	3	3	4	3	3	3	3	4	3	3	2	3
Cell_0937	3	4	3	2	2	3	3	3	3	3	3	3	4	2	2	3	3	3	3	3	3	3	2	2	3	3	3	4	3	3	3	3	3
Cell_0938	4	4	3	3	3	3	3	4	3	3	3	3	3	3	3	3	3	3	2	3	3	3	3	3	3	4	3	4	3	3	3	3	3
Cell_0939	2	3	3	3	4	3	4	4	4	3	3	3	3	3	4	3	3	2	3	3	3	3	3	3	3	3	3	3	3	3	3	4	3
Cell_0940	3	3	3	4	3	3	4	3	4	3	3	3	3	3	3	3	3	3	4	2	3	2	3	3	3	3	3	3	3	3	3	3	3
Cell_0941	3	4	3	3	3	3	3	3	4	3	3	2	3	3	3	3	4	3	3	3	3	3	3	3	2	3	3	3	4	3	3	3	3
Cell_0942	3	3	3	2	3	4	3	3	3	3	4	3	3	3	3	3	3	3	3	4	3	3	3	3	3	3	3	3	3	3	3	4	3
Cell_0943	3	3	3	3	3	3	3	3	3	3	3	3	3	4	3	3	3	3	3	3	2	3	3	3	3	3	3	4	3	3	3	3	3
Cell_0944	3	3	3	3	3	2	3	3	3	3	3	3	4	3	3	4	3	3	3	3	3	3	3	3	3	3	3	3	3	3	3	3	3
Cell_0945	3	2	4	3	3	3	3	4	4	3	3	3	3	3	3	3	3	3	3	3	3	3	3	3	3	3	3	3	3	3	3	2	3
Cell_0946	3	3	3	3	3	3	3	2	3	3	3	2	3	3	3	3	4	3	3	3	3	3	3	3	4	3	3	3	3	4	3	3	3
Cell_0947	3	3	3	3	3	3	3	3	3	2	3	3	3	3	3	4	3	3	3	3	3	3	3	3	3	3	3	4	3	3	3	3	3
Cell_0948	3	2	3	3	3	3	3	3	4	3	3	3	2	3	3	3	3	3	3	3	3	3	4	3	3	2	3	4	3	3	3	4	3
Cell_0949	3	3	3	3	4	3	3	3	4	3	3	4	3	4	3	3	3	3	4	3	3	3	3	3	3	3	3	3	3	3	3	3	3
Cell_0950	3	3	3	3	3	3	3	3	3	3	3	3	3	3	2	3	3	3	3	4	3	3	4	3	3	3	3	3	3	3	3	2	3
Cell_0951	3	3	3	3	3	3	3	3	3	3	3	3	3	3	2	3	3	3	3	3	3	3	3	3	3	4	3	3	4	3	3	3	3
Cell_0952	3	3	3	3	3	3	3	3	3	2	3	3	4	3	3	3	3	4	3	3	2	3	4	3	3	3	3	3	3	3	4	3	3
Cell_0953	3	3	3	3	3	3	3	3	3	3	3	3	3	3	3	3	2	3	3	2	3	3	3	4	3	3	4	3	3	3	3	3	4
Cell_0954	3	3	4	3	3	3	3	3	2	3	3	3	3	3	3	3	2	3	3	3	3	3	3	3	3	3	3	3	3	3	3	3	3
Cell_0955	3	3	3	3	4	3	3	3	3	3	3	2	3	3	3	3	3	4	3	3	4	4	3	3	4	3	4	4	3	3	3	3	3
Cell_0956	3	3	3	3	3	4	3	4	4	4	3	3	3	3	3	3	4	4	3	4	3	3	3	3	3	3	3	2	3	3	3	3	3
Cell_0957	3	3	3	3	3	3	3	3	4	3	3	3	4	3	3	4	3	4	3	3	3	4	3	3	3	3	3	2	3	3	2	4	3
Cell_0958	3	2	2	3	4	3	2	4	3	3	3	3	3	3	3	3	3	3	3	3	3	3	3	2	3	2	3	3	3	3	3	3	3
Cell_0959	3	4	3	3	3	3	2	3	3	3	3	3	4	3	3	3	3	3	3	3	3	2	3	3	3	3	2	3	3	3	2	3	3
Cell_0960	2	4	3	3	3	3	3	4	3	3	2	3	3	4	3	3	3	3	3	3	4	3	3	3	3	3	3	3	3	2	3	3	3
Cell_0961	3	3	3	3	3	3	4	3	4	2	4	3	3	3	3	3	3	3	3	3	3	3	3	4	4	3	3	3	3	3	3	3	4
Cell_0962	3	3	3	2	3	3	3	4	3	2	2	3	3	3	2	3	4	3	3	3	3	3	3	3	3	4	3	3	3	3	3	4	3
Cell_0963	3	3	3	3	3	2	4	4	3	3	3	4	3	2	3	3	3	3	3	3	3	3	3	3	3	3	3	3	3	3	3	3	3
Cell_0964	3	3	3	3	3	3	3	3	3	3	3	3	3	3	3	3	3	3	3	4	3	3	3	3	3	3	3	3	3	3	3	3	3
Cell_0965	3	4	3	3	3	3	3	2	3	3	3	2	3	3	3	3	3	3	3	2	3	3	3	3	2	3	4	3	3	3	3	3	2
Cell_0966	4	3	3	3	3	3	2	3	3	3	3	3	3	3	3	3	4	2	3	3	3	3	4	3	3	2	4	4	3	3	3	3	3
Cell_0967	3	3	4	3	3	3	3	3	3	3	3	3	2	4	3	3	4	3	3	3	3	3	3	3	3	3	3	3	3	3	3	2	3
Cell_0968	2	4	3	3	3	2	3	4	3	3	3	3	3	4	3	3	3	3	3	3	3	3	3	3	3	3	3	3	3	3	3	3	3
Cell_0969	2	4	3	3	3	3	3	3	3	3	3	3	2	3	3	3	3	3	3	3	3	4	4	3	3	4	3	3	2	3	3	3	4
Cell_0970	3	3	3	3	3	3	3	3	3	3	3	3	3	3	2	3	4	3	3	3	3	3	3	3	3	3	4	3	3	3	3	3	3
Cell_0971	3	3	3	2	3	3	3	3	3	3	3	4	3	3	2	3	4	3	3	3	3	3	3	3	2	3	2	4	3	3	3	3	3
Cell_0972	3	3	3	3	3	3	3	3	3	3	3	3	3	3	3	3	3	3	4	3	3	3	3	2	3	3	3	3	3	3	4	2	2
Cell_0973	3	3	3	3	3	2	3	3	4	3	3	3	3	3	3	3	3	3	2	3	3	3	2	3	3	3	3	3	3	3	3	3	3
Cell_0974	3	3	3	3	3	2	3	4	3	3	3	3	3	3	3	3	4	3	4	3	3	3	3	3	3	3	3	4	4	3	3	3	3
Cell_0975	4	3	2	3	3	3	3	3	3	4	3	3	3	3	3	3	4	3	3	3	3	3	4	2	3	3	4	3	3	3	3	4	3
Cell_0976	3	3	3	3	3	3	3	3	3	3	4	4	4	3	3	2	3	3	3	3	3	3	4	3	3	3	3	3	3	3	3	4	3
Cell_0977	3	3	3	3	3	3	3	4	3	2	3	3	2	3	3	3	3	3	3	3	3	3	3	3	4	3	3	3	3	3	3	3	3
Cell_0978	3	3	3	3	3	3	3	4	4	2	3	3	3	3	3	3	3	3	3	2	3	3	3	3	3	3	3	2	4	3	3	3	3
Cell_0979	3	3	3	3	4	3	4	3	3	3	3	3	3	3	3	3	3	2	4	3	3	3	3	2	3	3	3	3	2	3	3	3	3
Cell_0980	3	3	3	3	3	3	3	3	3	2	3	3	3	3	3	3	3	3	3	3	4	4	3	3	3	3	3	4	4	3	3	2	3
Cell_0981	3	3	3	3	3	3	4	3	3	3	3	3	4	3	3	3	3	3	4	4	3	3	3	3	3	3	3	3	3	3	3	3	3
Cell_0982	3	3	4	3	3	3	3	3	3	4	3	3	3	3	3	3	3	2	3	3	3	3	3	4	3	4	3	3	3	4	2	3	3
Cell_0983	3	3	2	2	3	3	3	3	3	3	3	3	3	3	3	3	4	4	2	3	3	3	3	3	2	3	3	2	3	3	4	3	3
Cell_0984	3	3	3	3	3	3	4	4	4	3	3	3	3	4	3	3	3	3	3	3	3	3	4	2	4	3	3	4	3	3	3	3	3
Cell_0985	4	4	3	3	3	3	3	3	3	3	3	3	2	3	3	3	3	4	2	3	2	3	3	4	3	4	4	3	3	3	3	3	4
Cell_0986	3	3	3	3	3	3	3	3	3	2	3	3	3	4	3	3	4	3	3	3	3	3	3	3	3	3	3	2	3	3	3	4	3
Cell_0987	3	3	3	4	4	3	3	3	3	2	3	2	3	3	4	3	3	3	4	4	4	3	4	3	3	2	4	4	3	3	3	3	3
Cell_0988	3	4	3	3	3	3	2	3	3	3	3	3	3	3	4	3	3	3	3	3	3	4	3	3	3	2	3	4	3	3	3	3	3
Cell_0989	3	3	3	3	3	3	3	4	3	3	3	3	3	3	3	3	4	4	3	3	3	2	3	2	3	3	3	3	2	3	4	3	3
Cell_0990	3	3	3	4	4	3	3	3	4	3	3	3	3	3	3	3	3	4	3	3	3	3	3	3	3	4	3	3	3	4	3	2	3
Cell_0991	3	3	3	3	3	3	4	3	3	3	3	3	3	3	3	3	3	3	3	3	3	3	3	3	3	3	3	3	3	3	3	3	3
Cell_0992	3	3	3	3	3	4	3	3	3	3	3	4	3	3	3	3	3	3	3	3	3	3	3	3	3	3	3	3	3	3	3	3	3
Cell_0993	4	3	4	3	3	3	3	4	3	3	4	4	3	3	3	3	3	2	3	4	3	4	3	3	3	3	4	3	3	3	3	3	3
Cell_0994	3	3	3	3	4	4	3	3	3	3	3	3	3	3	3	4	3	3	3	3	2	3	3	4	3	3	3	2	3	3	2	3	3
Cell_0995	3	3	3	3	3	3	3	4	3	3	3	2	3	3	3	3	3	3	4	3	3	3	3	3	3	3	3	3	3	3	3	3	3
Cell_0996	3	3	3	4	3	3	4	4	3	3	3	3	3	3	3	3	3	3	3	3	3	3	3	3	2	3	4	3	3	2	3	3	3
Cell_0997	3	3	3	3	3	3	3	3	3	3	3	3	3	3	3	3	3	4	3	3	3	3	3	3	3	2	3	3	3	3	3	3	3
Cell_0998	3	3	3	3	3	3	3	3	3	3	2	3	4	3	3	3	3	3	3	3	3	3	3	3	3	3	3	3	3	4	3	3	3
Cell_0999	3	3	3	3	3	4	3	4	4	3	3	3	4	3	3	2	3	3	3	3	3	3	3	3	3	3	3	3	3	3	4	3	3
